   4.2525252e-01   4.1666664e-01   4.1969703e-01   4.1262627e-01   4.0505052e-01   3.7575758e-01   3.8383842e-01   4.0050512e-01   3.7424245e-01   3.9040403e-01   4.2525252e-01   4.3888885e-01   4.5303030e-01   4.2323233e-01   4.3787876e-01   4.0808076e-01   3.7525248e-01   3.8434339e-01   5.5858579e-01   2.4999997e-01
   7.3290600e-01   7.3205123e-01   7.1153844e-01   7.4401713e-01   7.2094013e-01   6.6794877e-01   6.3974372e-01   6.1923074e-01   5.4914526e-01   4.8333333e-01   4.7521372e-01   4.5384618e-01   4.2905985e-01   3.9059826e-01   4.0726492e-01   3.8846159e-01   3.9230772e-01   3.4401715e-01   2.9829064e-01   3.6452990e-01
   5.0238094e-01   5.0785719e-01   5.1238093e-01   4.9666669e-01   5.0071429e-01   5.0642851e-01   4.7047623e-01   4.3714289e-01   4.0619044e-01   3.7357140e-01   3.6738093e-01   3.5357146e-01   3.9190477e-01   4.0476191e-01   3.9714290e-01   3.8595231e-01   4.1857144e-01   4.9666670e-01   5.4023806e-01   1.4809522e-01
   4.3018870e-01   4.0471704e-01   4.0188677e-01   4.0408806e-01   4.0628932e-01   4.1352202e-01   4.2452834e-01   4.3647800e-01   4.5283017e-01   4.6918234e-01   4.7861640e-01   4.8081758e-01   4.8836479e-01   5.1540883e-01   5.1635219e-01   5.6603774e-01   5.7767298e-01   5.3490568e-01   3.8050323e-01   9.8427657e-02
   1.3484849e-01   1.3787880e-01   1.4595963e-01   1.3686873e-01   1.3636366e-01   1.4898998e-01   1.6464645e-01   1.7626261e-01   1.9191918e-01   2.0808082e-01   2.3585861e-01   2.8232324e-01   3.3434345e-01   3.6868691e-01   4.1515142e-01   4.6818182e-01   4.4848479e-01   4.1313133e-01   2.6565648e-01   1.2727273e-01
   3.8385419e-01   3.9947919e-01   4.0468747e-01   4.4895834e-01   4.7291663e-01   4.7864584e-01   4.9739588e-01   4.8645828e-01   4.9635416e-01   4.9322916e-01   4.7656253e-01   4.6614584e-01   4.1875009e-01   4.1458328e-01   4.1354169e-01   4.2864584e-01   4.6354159e-01   5.2187497e-01   3.7135422e-01   1.7083333e-01
   2.7389936e-01   2.8742140e-01   2.8930815e-01   2.9716991e-01   3.0314470e-01   3.0849058e-01   3.2798743e-01   3.3867913e-01   3.6257858e-01   3.7075477e-01   3.7389940e-01   3.9402519e-01   3.9371066e-01   4.1823904e-01   4.6006291e-01   5.0754721e-01   5.4874215e-01   5.3176098e-01   3.8710692e-01   3.2735847e-01
   2.1818189e-01   2.3901514e-01   2.5340914e-01   2.6590909e-01   2.6250007e-01   2.6931818e-01   2.5946970e-01   2.6931820e-01   3.0075755e-01   3.4469693e-01   3.7045452e-01   4.0568184e-01   4.3333330e-01   4.7537882e-01   5.2045464e-01   5.6287880e-01   6.4356059e-01   6.4242423e-01   4.6780305e-01   1.8560601e-01
   2.2696079e-01   2.3823526e-01   2.6225494e-01   2.6617650e-01   2.6519609e-01   2.7549018e-01   2.6813721e-01   2.7990194e-01   3.0980391e-01   3.3578432e-01   3.7647059e-01   3.9656859e-01   4.0980394e-01   4.1715685e-01   4.1372553e-01   4.0392153e-01   4.0049026e-01   4.1029415e-01   2.5980393e-01   1.4166661e-01
   5.3492060e-01   5.3015881e-01   5.1468255e-01   5.3690476e-01   5.6309526e-01   6.1150788e-01   6.2976188e-01   6.3412698e-01   6.1071424e-01   5.6785700e-01   5.3253969e-01   5.1388895e-01   5.0198419e-01   5.0357143e-01   4.8134921e-01   4.8095238e-01   4.2341274e-01   4.1587300e-01   3.2619048e-01   2.1626985e-01
   2.3814106e-01   2.2916669e-01   2.3237183e-01   2.3942308e-01   2.4038458e-01   2.6057690e-01   2.7852562e-01   2.9551281e-01   3.1442304e-01   3.4519223e-01   3.6121798e-01   3.9871792e-01   4.3525648e-01   4.4775640e-01   4.5641025e-01   4.8365387e-01   4.8525644e-01   3.7788462e-01   3.1410258e-01   4.9807685e-01
   7.3434345e-01   7.6717173e-01   7.6212121e-01   7.2222224e-01   7.1111112e-01   7.0606052e-01   6.2222218e-01   5.4949485e-01   5.3131315e-01   5.1717167e-01   4.7373733e-01   4.5959597e-01   4.2070709e-01   3.8636364e-01   3.4393939e-01   3.4999997e-01   3.5757570e-01   4.3535352e-01   3.5505052e-01   8.9393958e-02
   4.8148151e-01   4.6555551e-01   4.7185180e-01   4.5333336e-01   4.3962971e-01   4.3888887e-01   4.3851858e-01   4.3518513e-01   4.5814820e-01   4.7296302e-01   4.8962964e-01   5.0074073e-01   5.3185187e-01   5.6999996e-01   6.0703698e-01   5.7814809e-01   5.4629624e-01   4.4518511e-01   3.9333333e-01   3.9481473e-01
   3.2478636e-01   3.2521374e-01   3.3974354e-01   3.4401713e-01   3.3034192e-01   3.3290603e-01   3.1452992e-01   3.1025646e-01   3.2820505e-01   3.4230759e-01   3.5811967e-01   3.7179487e-01   4.2222223e-01   4.5000010e-01   4.9743587e-01   5.1709395e-01   4.9059833e-01   3.8162395e-01   2.1752142e-01   4.7008562e-02
   7.2023804e-01   7.4791670e-01   7.5386909e-01   7.2023812e-01   6.7767857e-01   6.4494046e-01   5.6666662e-01   5.0863093e-01   4.6755946e-01   4.3601189e-01   4.2172618e-01   4.1666666e-01   4.2738096e-01   4.3898804e-01   4.5208327e-01   4.6666666e-01   5.0297620e-01   4.9583336e-01   4.9077379e-01   2.0059525e-01
   2.4252872e-01   2.4310338e-01   2.3994253e-01   2.4137931e-01   2.5459769e-01   2.7040226e-01   2.9712645e-01   3.1264367e-01   3.0603447e-01   3.1321840e-01   3.5114948e-01   3.7270114e-01   4.3678166e-01   4.7097693e-01   4.6839076e-01   4.4971266e-01   4.3275867e-01   5.0373562e-01   5.0919541e-01   1.7528742e-01
   2.3640355e-01   2.5438600e-01   2.6228071e-01   2.7412279e-01   2.7061408e-01   2.8026316e-01   2.9692982e-01   3.2938603e-01   3.3859658e-01   3.4561403e-01   3.6315789e-01   3.8289484e-01   4.3114034e-01   4.8114034e-01   5.0570166e-01   5.5526311e-01   5.7763155e-01   5.6973684e-01   5.9692984e-01   4.7017539e-01
   2.6891895e-01   2.8603603e-01   2.8603605e-01   2.9459459e-01   3.1036041e-01   3.2972978e-01   3.5495492e-01   3.8558551e-01   4.0810819e-01   4.2792789e-01   4.7027030e-01   5.1846849e-01   5.6621627e-01   5.9189184e-01   5.8378376e-01   5.1846843e-01   4.0630627e-01   2.7027032e-01   1.7297294e-01   6.3513543e-02
   3.4797988e-01   3.6060615e-01   3.6767676e-01   3.7727273e-01   3.8282842e-01   4.2828279e-01   4.1010094e-01   4.4090897e-01   4.4898988e-01   4.6565658e-01   4.5858591e-01   4.4797976e-01   4.5404036e-01   4.9494955e-01   4.9343430e-01   4.7575764e-01   4.7828294e-01   3.5858585e-01   3.4848492e-01   6.0656552e-01
   4.7592592e-01   4.8981481e-01   4.7407406e-01   4.5879636e-01   4.6157406e-01   4.2962958e-01   4.1712961e-01   4.0694442e-01   3.8981475e-01   3.8842594e-01   3.9490739e-01   4.3240742e-01   4.6481481e-01   5.1898144e-01   5.7499994e-01   6.4166669e-01   6.3657414e-01   6.1388889e-01   4.3657403e-01   2.0416670e-01
   7.0107519e-01   7.1075277e-01   7.2580652e-01   6.9731184e-01   6.8548390e-01   6.5376345e-01   6.0752687e-01   5.9032255e-01   5.8763445e-01   5.3817210e-01   5.2688174e-01   4.9301081e-01   4.1935481e-01   4.3494619e-01   4.1344084e-01   3.8279571e-01   3.3655906e-01   2.6666670e-01   1.6935484e-01   7.9569916e-02
   3.1292520e-01   3.2993192e-01   3.2006800e-01   3.2380945e-01   3.1258504e-01   3.1088435e-01   3.1394565e-01   3.1802712e-01   3.2891159e-01   3.3775514e-01   3.5918371e-01   3.9081635e-01   4.1088437e-01   4.3979590e-01   4.5782308e-01   4.9149657e-01   5.5136055e-01   5.6224488e-01   4.8299322e-01   9.7278969e-02
   2.3627459e-01   2.3970591e-01   2.5441176e-01   2.6568629e-01   2.8333329e-01   2.8382350e-01   2.7794129e-01   2.8578429e-01   3.0049021e-01   3.2107841e-01   3.7500000e-01   3.9509803e-01   4.1078435e-01   4.2205879e-01   4.6764706e-01   4.2156868e-01   3.3627450e-01   2.9411765e-01   3.7107838e-01   3.3333332e-01
   2.7567568e-01   2.7567570e-01   2.6801805e-01   2.7612614e-01   2.8738732e-01   2.9459459e-01   2.8288286e-01   2.8513508e-01   2.9099100e-01   3.1441454e-01   3.7027024e-01   4.0765773e-01   4.3783789e-01   4.5945954e-01   4.7162170e-01   5.2072073e-01   5.9594605e-01   5.4369362e-01   2.5990986e-01   8.3333324e-02
   4.9130439e-01   5.0797109e-01   5.0869570e-01   5.0869570e-01   5.0362317e-01   4.8405800e-01   4.8405796e-01   4.6811591e-01   4.4565217e-01   4.1014491e-01   3.9492743e-01   3.7826087e-01   3.2318843e-01   3.4347830e-01   3.4710139e-01   4.2101443e-01   4.8405796e-01   5.4492757e-01   4.8260878e-01   3.9927535e-01
   2.9463281e-01   3.3079093e-01   3.4943503e-01   3.8107349e-01   3.9802261e-01   4.2570627e-01   4.5734463e-01   4.7259885e-01   4.9915254e-01   5.3559320e-01   5.6638414e-01   5.6920907e-01   5.7231636e-01   5.3333334e-01   4.8192092e-01   4.1807908e-01   3.8757056e-01   3.1864405e-01   2.3220336e-01   1.0423728e-01
   2.7083329e-01   2.7256946e-01   2.7743054e-01   2.9062502e-01   3.1145831e-01   3.0972223e-01   3.2847223e-01   3.1875000e-01   3.2812490e-01   3.4826388e-01   3.6145835e-01   3.9618058e-01   4.2395831e-01   4.6111113e-01   5.0868052e-01   5.0069440e-01   4.3576385e-01   3.8923615e-01   5.1249994e-01   5.0034717e-01
   4.9931980e-01   5.0476194e-01   5.1700682e-01   5.2619051e-01   5.4625853e-01   5.4081629e-01   5.1632649e-01   4.9999992e-01   4.5850343e-01   4.3605437e-01   4.3843537e-01   4.3027212e-01   4.1904757e-01   4.0748300e-01   4.3741500e-01   4.5646259e-01   4.5306122e-01   3.6462588e-01   2.9897959e-01   3.7789114e-01
   6.7988507e-01   7.0402297e-01   7.0919534e-01   7.2758610e-01   6.7356317e-01   6.0689655e-01   5.8908045e-01   5.5229879e-01   4.9425293e-01   4.5804593e-01   4.3448269e-01   4.6091955e-01   4.3850579e-01   4.4425290e-01   4.5632190e-01   4.8735638e-01   4.6436783e-01   4.3908041e-01   4.1666662e-01   5.1321831e-01
   3.3541663e-01   3.4843750e-01   3.4791672e-01   3.6979159e-01   3.8385412e-01   3.8489578e-01   3.8593747e-01   3.7760422e-01   3.7916650e-01   3.5989584e-01   3.7135425e-01   3.7708338e-01   3.9947916e-01   4.4947916e-01   4.7395828e-01   5.1718741e-01   5.0312506e-01   3.7968744e-01   3.5052091e-01   2.6979169e-01
   5.0277780e-01   5.4055557e-01   5.4555553e-01   5.4333333e-01   5.5666667e-01   5.5555550e-01   5.5000000e-01   5.4722223e-01   5.4333327e-01   5.3833333e-01   5.7388887e-01   5.7444440e-01   5.9277777e-01   5.5444450e-01   5.0666670e-01   4.5888887e-01   4.0888897e-01   4.4166670e-01   5.9388893e-01   2.4722223e-01
   5.3253964e-01   5.4087300e-01   5.4206355e-01   5.6309521e-01   5.5476181e-01   5.3293648e-01   5.3531752e-01   5.4880957e-01   5.2460319e-01   5.3333338e-01   5.5753964e-01   5.6428571e-01   5.6031748e-01   5.4841264e-01   5.3333326e-01   5.0833333e-01   4.6746031e-01   4.1785710e-01   3.7539683e-01   5.1309521e-01
   4.8717950e-01   4.9743592e-01   5.0320519e-01   4.9230773e-01   4.7243592e-01   4.5897442e-01   4.4487185e-01   4.1858977e-01   4.3525646e-01   4.7756396e-01   5.3525642e-01   5.9038469e-01   5.7756400e-01   5.8717958e-01   5.4679492e-01   5.0448719e-01   4.7628212e-01   5.6538473e-01   5.0128204e-01   2.1153845e-01
   3.2205882e-01   3.1764703e-01   3.2843135e-01   3.3431368e-01   3.3284306e-01   3.2843132e-01   3.3137262e-01   3.5147065e-01   3.4558832e-01   3.6960785e-01   3.8529418e-01   4.0980397e-01   4.2254900e-01   4.1029412e-01   3.8382362e-01   3.5343144e-01   3.4509803e-01   3.3774521e-01   3.8725491e-01   1.2254904e-01
   6.4861104e-01   6.6875004e-01   6.5208338e-01   6.3333333e-01   6.2638892e-01   6.1875000e-01   6.4097217e-01   5.8472225e-01   5.6458329e-01   5.5902787e-01   5.4513883e-01   5.5694438e-01   5.0277779e-01   4.9305558e-01   4.5069437e-01   4.2777767e-01   4.6111108e-01   5.6875004e-01   5.5277779e-01   2.6805539e-01
   3.5579717e-01   3.6014487e-01   3.7246378e-01   3.7028987e-01   3.9565222e-01   4.2101452e-01   4.2391309e-01   4.2101448e-01   4.1376813e-01   4.0072461e-01   4.4347835e-01   4.3550722e-01   4.2608691e-01   4.2536235e-01   4.8188409e-01   5.7028974e-01   6.1376813e-01   5.4130430e-01   2.7463768e-01   2.7753622e-01
   3.4691352e-01   3.4506170e-01   3.4444441e-01   3.8086422e-01   3.8086415e-01   4.0802478e-01   4.2530870e-01   4.6172844e-01   4.6419748e-01   4.5000000e-01   4.8765426e-01   4.9691356e-01   5.0246922e-01   4.9629619e-01   4.8333333e-01   4.4691363e-01   3.7530863e-01   4.9876552e-01   5.7839507e-01   1.1851853e-01
   5.0555556e-01   5.1740740e-01   4.9555558e-01   4.9148149e-01   4.6222222e-01   4.1592596e-01   4.1666667e-01   3.8925927e-01   3.7666664e-01   3.5703702e-01   3.7518518e-01   3.7185182e-01   3.6333331e-01   3.7148147e-01   3.9814818e-01   4.3962960e-01   4.4629633e-01   3.8555549e-01   3.6407409e-01   4.4259251e-01
   5.2333331e-01   5.2128205e-01   5.2051282e-01   4.9948715e-01   4.6384612e-01   4.3256411e-01   4.0692309e-01   3.7948723e-01   4.0102566e-01   4.0871792e-01   4.1282049e-01   3.9794877e-01   3.9820512e-01   3.8538460e-01   3.8051286e-01   4.0051280e-01   4.2717945e-01   4.8025642e-01   3.5487185e-01   1.4512819e-01
   3.4523814e-01   3.5904760e-01   3.7333340e-01   3.7285720e-01   3.5809514e-01   3.6047614e-01   3.5571429e-01   3.6238100e-01   3.7333340e-01   3.7809523e-01   3.9142860e-01   4.2809523e-01   4.4428569e-01   4.8285714e-01   4.7190489e-01   4.2333326e-01   3.3571434e-01   3.2904763e-01   2.7333331e-01   3.5142860e-01
   2.6790130e-01   2.8148144e-01   2.8395063e-01   3.1604944e-01   3.3333326e-01   3.7037030e-01   3.8827167e-01   4.1728396e-01   4.6111111e-01   4.7160500e-01   4.8827159e-01   4.6296300e-01   4.8395063e-01   4.4999993e-01   4.1296296e-01   4.2839504e-01   4.6358026e-01   3.8641974e-01   3.7283952e-01   3.8209874e-01
   2.9947909e-01   3.0104166e-01   3.0156244e-01   3.0364587e-01   3.4166666e-01   3.7552087e-01   4.0677078e-01   4.1197931e-01   4.2291669e-01   4.5156250e-01   4.7864578e-01   4.8177087e-01   4.7343747e-01   5.1197906e-01   5.2760409e-01   5.0468747e-01   4.3437503e-01   4.6770837e-01   3.3177084e-01   1.5364587e-01
   3.2185191e-01   3.1407409e-01   3.1629636e-01   3.2592591e-01   3.5296300e-01   3.7888889e-01   4.0407409e-01   4.1925924e-01   3.9925927e-01   4.0333331e-01   4.1296296e-01   4.1925924e-01   4.4296293e-01   4.5555556e-01   4.9074064e-01   5.6037033e-01   5.9592593e-01   4.8777787e-01   2.7814811e-01   6.1111127e-02
   4.1944433e-01   4.0462950e-01   4.0555561e-01   3.8518522e-01   3.5277778e-01   3.2685183e-01   3.1574078e-01   3.0370372e-01   2.8333328e-01   3.0462961e-01   3.3055561e-01   3.8333339e-01   4.4722217e-01   4.7685183e-01   5.1018511e-01   4.5740744e-01   4.7685189e-01   4.4629633e-01   4.9166667e-01   4.4537050e-01
   5.2948723e-01   5.3632479e-01   5.3675215e-01   5.4188033e-01   5.8034187e-01   5.9102567e-01   5.9615387e-01   6.0085472e-01   5.9487177e-01   5.6666667e-01   5.5042736e-01   5.1752138e-01   4.8076918e-01   4.7948715e-01   5.2735041e-01   5.7435895e-01   5.7735041e-01   4.9273497e-01   2.9273503e-01   6.5811933e-02
   5.1818191e-01   5.3257577e-01   5.4962123e-01   5.6060614e-01   5.5757570e-01   5.5606064e-01   5.4356057e-01   5.0416661e-01   4.8901518e-01   4.9166668e-01   4.9469695e-01   4.6893945e-01   4.3787882e-01   4.3787875e-01   4.2007573e-01   4.3257573e-01   4.8825761e-01   5.3522730e-01   4.8409089e-01   2.1931820e-01
   5.3010755e-01   5.3978494e-01   5.4838710e-01   5.5698926e-01   5.4892477e-01   5.3172039e-01   5.1989255e-01   4.9569890e-01   4.8387097e-01   5.0430100e-01   4.7365590e-01   4.6290329e-01   4.5161290e-01   4.3225806e-01   3.9569894e-01   3.8978490e-01   3.4462361e-01   3.4086019e-01   3.0107519e-01   1.2795703e-01
   2.1488100e-01   1.9940476e-01   1.9999996e-01   2.0892854e-01   2.3452386e-01   2.5714275e-01   2.7440482e-01   3.1607136e-01   3.6607139e-01   3.7261900e-01   3.8392854e-01   3.6428564e-01   3.5595243e-01   3.8571429e-01   4.4404757e-01   5.1726189e-01   5.5059521e-01   5.6488100e-01   4.1130961e-01   1.3869044e-01
   3.6770831e-01   3.8854159e-01   4.0833341e-01   4.0989591e-01   4.2708334e-01   4.3645838e-01   4.5156256e-01   4.4479166e-01   4.4531250e-01   4.2447919e-01   4.1927084e-01   4.0312506e-01   3.9114588e-01   4.3906250e-01   4.2552078e-01   4.1562506e-01   4.3645831e-01   5.2135416e-01   5.7604162e-01   4.6145838e-01
   5.6747966e-01   5.7073166e-01   5.6382112e-01   5.4674800e-01   5.3008127e-01   5.3414634e-01   5.2317073e-01   5.1219512e-01   5.2073168e-01   5.2560973e-01   5.3943098e-01   5.3414632e-01   5.8008127e-01   5.9674798e-01   5.9837400e-01   6.0121956e-01   5.5609756e-01   4.4837390e-01   3.0365859e-01   1.0406503e-01
