1400 802 803 804 
1401 800 801 802 803 804 805 806 
1402 798 799 800 801 802 803 804 805 806 807 
1403 797 798 799 800 801 802 803 804 805 806 807 
1404 796 797 798 799 800 801 802 803 804 805 806 807 808 
1405 795 796 797 798 799 800 801 802 803 804 805 806 807 808 
1406 794 795 796 797 798 799 800 801 802 803 804 805 806 807 808 
1407 793 794 795 796 797 798 799 800 801 802 803 804 805 806 807 808 809 
1408 792 793 794 795 796 797 798 799 800 801 802 803 804 805 806 807 808 809 
1409 791 792 793 794 795 796 797 798 799 800 801 802 803 804 805 806 807 808 809 
1410 790 791 792 793 794 795 796 797 798 799 800 801 802 803 804 805 806 807 808 809 
1411 789 790 791 792 793 794 795 796 797 798 799 800 801 802 803 804 805 806 807 808 809 
1412 788 789 790 791 792 793 794 795 796 797 798 799 800 801 802 803 804 805 806 807 808 809 
1413 787 788 789 790 791 792 793 794 795 796 797 798 799 800 801 802 803 804 805 806 807 808 809 
1414 786 787 788 789 790 791 792 793 794 795 796 797 798 799 800 801 802 803 804 805 806 807 808 809 
1415 785 786 787 788 789 790 791 792 793 794 795 796 797 798 799 800 801 802 803 804 805 806 807 808 809 
1416 784 785 786 787 788 789 790 791 792 793 794 795 796 797 798 799 800 801 802 803 804 805 806 807 808 
1417 783 784 785 786 787 788 789 790 791 792 793 794 795 796 797 798 799 800 801 802 803 804 805 806 807 808 
1418 782 783 784 785 786 787 788 789 790 791 792 793 794 795 796 797 798 799 800 801 802 803 804 805 806 807 808 
1419 781 782 783 784 785 786 787 788 789 790 791 792 793 794 795 796 797 798 799 800 801 802 803 804 805 806 807 
1420 780 781 782 783 784 785 786 787 788 789 790 791 792 793 794 795 796 797 798 799 800 801 802 803 804 805 806 807 
1421 779 780 781 782 783 784 785 786 787 788 789 790 791 792 793 794 795 796 797 798 799 800 801 802 803 804 805 806 
1422 777 778 779 780 781 782 783 784 785 786 787 788 789 790 791 792 793 794 795 796 797 798 799 800 801 802 803 804 805 806 
1423 776 777 778 779 780 781 782 783 784 785 786 787 788 789 790 791 792 793 794 795 796 797 798 799 800 801 802 803 804 805 
1424 775 776 777 778 779 780 781 782 783 784 785 786 787 788 789 790 791 792 793 794 795 796 797 798 799 800 801 802 803 804 
1425 774 775 776 777 778 779 780 781 782 783 784 785 786 787 788 789 790 791 792 793 794 795 796 797 798 799 800 801 802 803 
1426 774 775 776 777 778 779 780 781 782 783 784 785 786 787 788 789 790 791 792 793 794 795 796 797 798 799 800 801 802 
1427 773 774 775 776 777 778 779 780 781 782 783 784 785 786 787 788 789 790 791 792 793 794 795 796 797 798 799 800 801 
1428 772 773 774 775 776 777 778 779 780 781 782 783 784 785 786 787 788 789 790 791 792 793 794 795 796 797 798 799 800 
1429 771 772 773 774 775 776 777 778 779 780 781 782 783 784 785 786 787 788 789 790 791 792 793 794 795 796 797 798 
1430 770 771 772 773 774 775 776 777 778 779 780 781 782 783 784 785 786 787 788 789 790 791 792 793 794 795 796 797 
1431 769 770 771 772 773 774 775 776 777 778 779 780 781 782 783 784 785 786 787 788 789 790 791 792 793 794 795 
1432 768 769 770 771 772 773 774 775 776 777 778 779 780 781 782 783 784 785 786 787 788 789 790 791 792 793 794 
1433 767 768 769 770 771 772 773 774 775 776 777 778 779 780 781 782 783 784 785 786 787 788 789 790 791 792 
1434 766 767 768 769 770 771 772 773 774 775 776 777 778 779 780 781 782 783 784 785 786 787 788 789 790 
1435 765 766 767 768 769 770 771 772 773 774 775 776 777 778 779 780 781 782 783 784 785 786 787 788 
1436 764 765 766 767 768 769 770 771 772 773 774 775 776 777 778 779 780 781 782 783 784 785 786 787 
1437 763 764 765 766 767 768 769 770 771 772 773 774 775 776 777 778 779 780 781 782 783 784 785 
1438 762 763 764 765 766 767 768 769 770 771 772 773 774 775 776 777 778 779 780 781 782 783 
1439 761 762 763 764 765 766 767 768 769 770 771 772 773 774 775 776 777 778 779 780 781 
1440 760 761 762 763 764 765 766 767 768 769 770 771 772 773 774 775 776 777 778 779 780 
1441 759 760 761 762 763 764 765 766 767 768 769 770 771 772 773 774 775 776 777 778 
1442 758 759 760 761 762 763 764 765 766 767 768 769 770 771 772 773 774 775 776 
1443 757 758 759 760 761 762 763 764 765 766 767 768 769 770 771 772 773 774 775 
1444 756 757 758 759 760 761 762 763 764 765 766 767 768 769 770 771 772 773 
1445 755 756 757 758 759 760 761 762 763 764 765 766 767 768 769 770 771 772 
1446 754 755 756 757 758 759 760 761 762 763 764 765 766 767 768 769 770 771 
1447 753 754 755 756 757 758 759 760 761 762 763 764 765 766 767 768 769 
1448 752 753 754 755 756 757 758 759 760 761 762 763 764 765 766 767 768 
1449 751 752 753 754 755 756 757 758 759 760 761 762 763 764 765 766 767 
1450 750 751 752 753 754 755 756 757 758 759 760 761 762 763 764 765 766 
1451 749 750 751 752 753 754 755 756 757 758 759 760 761 762 763 764 765 
1452 748 749 750 751 752 753 754 755 756 757 758 759 760 761 762 763 764 
1453 747 748 749 750 751 752 753 754 755 756 757 758 759 760 761 762 
1454 746 747 748 749 750 751 752 753 754 755 756 757 758 759 760 761 
1455 745 746 747 748 749 750 751 752 753 754 755 756 757 758 759 760 
1456 744 745 746 747 748 749 750 751 752 753 754 755 756 757 758 759 
1457 743 744 745 746 747 748 749 750 751 752 753 754 755 756 757 758 
1458 742 743 744 745 746 747 748 749 750 751 752 753 754 755 756 757 
1459 741 742 743 744 745 746 747 748 749 750 751 752 753 754 755 756 
1460 740 741 742 743 744 745 746 747 748 749 750 751 752 753 754 755 
1461 738 739 740 741 742 743 744 745 746 747 748 749 750 751 752 753 754 
1462 737 738 739 740 741 742 743 744 745 746 747 748 749 750 751 752 753 
1463 736 737 738 739 740 741 742 743 744 745 746 747 748 749 750 751 752 
1464 735 736 737 738 739 740 741 742 743 744 745 746 747 748 749 750 751 
1465 734 735 736 737 738 739 740 741 742 743 744 745 746 747 748 749 750 
1466 733 734 735 736 737 738 739 740 741 742 743 744 745 746 747 748 749 
1467 732 733 734 735 736 737 738 739 740 741 742 743 744 745 746 747 748 
1468 730 731 732 733 734 735 736 737 738 739 740 741 742 743 744 745 746 747 
1469 729 730 731 732 733 734 735 736 737 738 739 740 741 742 743 744 745 746 
1470 728 729 730 731 732 733 734 735 736 737 738 739 740 741 742 743 744 745 
1471 727 728 729 730 731 732 733 734 735 736 737 738 739 740 741 742 743 744 745 
1472 726 727 728 729 730 731 732 733 734 735 736 737 738 739 740 741 742 743 744 
1473 724 725 726 727 728 729 730 731 732 733 734 735 736 737 738 739 740 741 742 743 
1474 723 724 725 726 727 728 729 730 731 732 733 734 735 736 737 738 739 740 741 742 
1475 722 723 724 725 726 727 728 729 730 731 732 733 734 735 736 737 738 739 740 741 
1476 721 722 723 724 725 726 727 728 729 730 731 732 733 734 735 736 737 738 739 740 741 
1477 720 721 722 723 724 725 726 727 728 729 730 731 732 733 734 735 736 737 738 739 740 
1478 718 719 720 721 722 723 724 725 726 727 728 729 730 731 732 733 734 735 736 737 738 739 
1479 717 718 719 720 721 722 723 724 725 726 727 728 729 730 731 732 733 734 735 736 737 738 739 
1480 716 717 718 719 720 721 722 723 724 725 726 727 728 729 730 731 732 733 734 735 736 737 738 
1481 715 716 717 718 719 720 721 722 723 724 725 726 727 728 729 730 731 732 733 734 735 736 737 738 
1482 714 715 716 717 718 719 720 721 722 723 724 725 726 727 728 729 730 731 732 733 734 735 736 737 
1483 712 713 714 715 716 717 718 719 720 721 722 723 724 725 726 727 728 729 730 731 732 733 734 735 736 737 
1484 711 712 713 714 715 716 717 718 719 720 721 722 723 724 725 726 727 728 729 730 731 732 733 734 735 736 
1485 710 711 712 713 714 715 716 717 718 719 720 721 722 723 724 725 726 727 728 729 730 731 732 733 734 735 736 
1486 709 710 711 712 713 714 715 716 717 718 719 720 721 722 723 724 725 726 727 728 729 730 731 732 733 734 735 
1487 708 709 710 711 712 713 714 715 716 717 718 719 720 721 722 723 724 725 726 727 728 729 730 731 732 733 734 735 
1488 707 708 709 710 711 712 713 714 715 716 717 718 719 720 721 722 723 724 725 726 727 728 729 730 731 732 733 734 
1489 706 707 708 709 710 711 712 713 714 715 716 717 718 719 720 721 722 723 724 725 726 727 728 729 730 731 732 733 734 
1490 705 706 707 708 709 710 711 712 713 714 715 716 717 718 719 720 721 722 723 724 725 726 727 728 729 730 731 732 733 
1491 704 705 706 707 708 709 710 711 712 713 714 715 716 717 718 719 720 721 722 723 724 725 726 727 728 729 730 731 732 733 
1492 704 705 706 707 708 709 710 711 712 713 714 715 716 717 718 719 720 721 722 723 724 725 726 727 728 729 730 731 732 
1493 703 704 705 706 707 708 709 710 711 712 713 714 715 716 717 718 719 720 721 722 723 724 725 726 727 728 729 730 731 732 
1494 702 703 704 705 706 707 708 709 710 711 712 713 714 715 716 717 718 719 720 721 722 723 724 725 726 727 728 729 730 731 
1495 702 703 704 705 706 707 708 709 710 711 712 713 714 715 716 717 718 719 720 721 722 723 724 725 726 727 728 729 730 731 
1496 701 702 703 704 705 706 707 708 709 710 711 712 713 714 715 716 717 718 719 720 721 722 723 724 725 726 727 728 729 730 
1497 701 702 703 704 705 706 707 708 709 710 711 712 713 714 715 716 717 718 719 720 721 722 723 724 725 726 727 728 729 730 
1498 700 701 702 703 704 705 706 707 708 709 710 711 712 713 714 715 716 717 718 719 720 721 722 723 724 725 726 727 728 729 
1499 700 701 702 703 704 705 706 707 708 709 710 711 712 713 714 715 716 717 718 719 720 721 722 723 724 725 726 727 728 729 
1500 699 700 701 702 703 704 705 706 707 708 709 710 711 712 713 714 715 716 717 718 719 720 721 722 723 724 725 726 727 728 
1501 699 700 701 702 703 704 705 706 707 708 709 710 711 712 713 714 715 716 717 718 719 720 721 722 723 724 725 726 727 
1502 699 700 701 702 703 704 705 706 707 708 709 710 711 712 713 714 715 716 717 718 719 720 721 722 723 724 725 726 727 
1503 699 700 701 702 703 704 705 706 707 708 709 710 711 712 713 714 715 716 717 718 719 720 721 722 723 724 725 726 
1504 699 700 701 702 703 704 705 706 707 708 709 710 711 712 713 714 715 716 717 718 719 720 721 722 723 724 725 
1505 699 700 701 702 703 704 705 706 707 708 709 710 711 712 713 714 715 716 717 718 719 720 721 722 723 724 725 
1506 699 700 701 702 703 704 705 706 707 708 709 710 711 712 713 714 715 716 717 718 719 720 721 722 723 724 
1507 699 700 701 702 703 704 705 706 707 708 709 710 711 712 713 714 715 716 717 718 719 720 721 722 723 
1508 699 700 701 702 703 704 705 706 707 708 709 710 711 712 713 714 715 716 717 718 719 720 721 722 
1509 700 701 702 703 704 705 706 707 708 709 710 711 712 713 714 715 716 717 718 719 720 721 
1510 700 701 702 703 704 705 706 707 708 709 710 711 712 713 714 715 716 717 718 719 720 
1511 701 702 703 704 705 706 707 708 709 710 711 712 713 714 715 716 717 718 719 
1512 702 703 704 705 706 707 708 709 710 711 712 713 714 715 716 717 
1513 703 704 705 706 707 708 709 710 711 712 713 714 715 
1514 705 706 707 708 709 710 711 712 713 
1603 253 254 255 256 
1604 252 253 254 255 256 257 
1605 251 252 253 254 255 256 257 
1606 251 252 253 254 255 256 257 
1607 250 251 252 253 254 255 256 257 258 
1608 250 251 252 253 254 255 256 257 258 
1609 249 250 251 252 253 254 255 256 257 258 
1610 249 250 251 252 253 254 255 256 257 258 
1611 248 249 250 251 252 253 254 255 256 257 258 
1612 248 249 250 251 252 253 254 255 256 257 258 
1613 247 248 249 250 251 252 253 254 255 256 257 258 
1614 247 248 249 250 251 252 253 254 255 256 257 258 
1615 246 247 248 249 250 251 252 253 254 255 256 257 258 
1616 246 247 248 249 250 251 252 253 254 255 256 257 258 
1617 245 246 247 248 249 250 251 252 253 254 255 256 257 258 
1618 245 246 247 248 249 250 251 252 253 254 255 256 257 258 
1619 244 245 246 247 248 249 250 251 252 253 254 255 256 257 258 
1620 244 245 246 247 248 249 250 251 252 253 254 255 256 257 
1621 243 244 245 246 247 248 249 250 251 252 253 254 255 256 257 
1622 243 244 245 246 247 248 249 250 251 252 253 254 255 256 257 
1623 242 243 244 245 246 247 248 249 250 251 252 253 254 255 256 257 
1624 241 242 243 244 245 246 247 248 249 250 251 252 253 254 255 256 
1625 241 242 243 244 245 246 247 248 249 250 251 252 253 254 255 256 
1626 240 241 242 243 244 245 246 247 248 249 250 251 252 253 254 255 
1627 240 241 242 243 244 245 246 247 248 249 250 251 252 253 254 255 
1628 239 240 241 242 243 244 245 246 247 248 249 250 251 252 253 254 
1629 238 239 240 241 242 243 244 245 246 247 248 249 250 251 252 253 254 
1630 238 239 240 241 242 243 244 245 246 247 248 249 250 251 252 253 
1631 237 238 239 240 241 242 243 244 245 246 247 248 249 250 251 252 253 
1632 236 237 238 239 240 241 242 243 244 245 246 247 248 249 250 251 252 
1633 236 237 238 239 240 241 242 243 244 245 246 247 248 249 250 251 
1634 235 236 237 238 239 240 241 242 243 244 245 246 247 248 249 250 251 
1635 234 235 236 237 238 239 240 241 242 243 244 245 246 247 248 249 250 
1636 233 234 235 236 237 238 239 240 241 242 243 244 245 246 247 248 249 
1637 233 234 235 236 237 238 239 240 241 242 243 244 245 246 247 248 249 
1638 232 233 234 235 236 237 238 239 240 241 242 243 244 245 246 247 248 
1639 232 233 234 235 236 237 238 239 240 241 242 243 244 245 246 247 
1640 231 232 233 234 235 236 237 238 239 240 241 242 243 244 245 246 247 
1641 231 232 233 234 235 236 237 238 239 240 241 242 243 244 245 246 
1642 230 231 232 233 234 235 236 237 238 239 240 241 242 243 244 245 
1643 229 230 231 232 233 234 235 236 237 238 239 240 241 242 243 244 245 
1644 229 230 231 232 233 234 235 236 237 238 239 240 241 242 243 244 
1645 228 229 230 231 232 233 234 235 236 237 238 239 240 241 242 243 244 
1646 228 229 230 231 232 233 234 235 236 237 238 239 240 241 242 243 
1647 227 228 229 230 231 232 233 234 235 236 237 238 239 240 241 242 
1648 227 228 229 230 231 232 233 234 235 236 237 238 239 240 241 242 
1649 226 227 228 229 230 231 232 233 234 235 236 237 238 239 240 241 
1650 226 227 228 229 230 231 232 233 234 235 236 237 238 239 240 
1651 225 226 227 228 229 230 231 232 233 234 235 236 237 238 239 240 
1652 225 226 227 228 229 230 231 232 233 234 235 236 237 238 239 
1653 224 225 226 227 228 229 230 231 232 233 234 235 236 237 238 
1654 224 225 226 227 228 229 230 231 232 233 234 235 236 237 238 
1655 223 224 225 226 227 228 229 230 231 232 233 234 235 236 237 
1656 223 224 225 226 227 228 229 230 231 232 233 234 235 236 
1657 222 223 224 225 226 227 228 229 230 231 232 233 234 235 
1658 221 222 223 224 225 226 227 228 229 230 231 232 233 234 235 
1659 221 222 223 224 225 226 227 228 229 230 231 232 233 234 
1660 220 221 222 223 224 225 226 227 228 229 230 231 232 233 
1661 220 221 222 223 224 225 226 227 228 229 230 231 232 
1662 219 220 221 222 223 224 225 226 227 228 229 230 231 232 
1663 218 219 220 221 222 223 224 225 226 227 228 229 230 231 
1664 218 219 220 221 222 223 224 225 226 227 228 229 230 
1665 217 218 219 220 221 222 223 224 225 226 227 228 229 
1666 216 217 218 219 220 221 222 223 224 225 226 227 228 
1667 216 217 218 219 220 221 222 223 224 225 226 227 228 
1668 215 216 217 218 219 220 221 222 223 224 225 226 227 
1669 214 215 216 217 218 219 220 221 222 223 224 225 226 
1670 214 215 216 217 218 219 220 221 222 223 224 225 
1671 213 214 215 216 217 218 219 220 221 222 223 224 225 
1672 212 213 214 215 216 217 218 219 220 221 222 223 224 
1673 212 213 214 215 216 217 218 219 220 221 222 223 
1674 211 212 213 214 215 216 217 218 219 220 221 222 
1675 210 211 212 213 214 215 216 217 218 219 220 221 
1676 209 210 211 212 213 214 215 216 217 218 219 220 221 
1677 209 210 211 212 213 214 215 216 217 218 219 220 
1678 208 209 210 211 212 213 214 215 216 217 218 219 
1679 207 208 209 210 211 212 213 214 215 216 217 218 
1680 206 207 208 209 210 211 212 213 214 215 216 217 
1681 205 206 207 208 209 210 211 212 213 214 215 216 217 
1682 205 206 207 208 209 210 211 212 213 214 215 216 
1683 204 205 206 207 208 209 210 211 212 213 214 215 
1684 203 204 205 206 207 208 209 210 211 212 213 214 
1685 202 203 204 205 206 207 208 209 210 211 212 213 
1686 201 202 203 204 205 206 207 208 209 210 211 212 
1687 201 202 203 204 205 206 207 208 209 210 211 
1688 200 201 202 203 204 205 206 207 208 209 210 
1689 199 200 201 202 203 204 205 206 207 208 209 210 
1690 198 199 200 201 202 203 204 205 206 207 208 209 
1691 197 198 199 200 201 202 203 204 205 206 207 208 
1692 196 197 198 199 200 201 202 203 204 205 206 207 
1693 196 197 198 199 200 201 202 203 204 205 206 
1694 195 196 197 198 199 200 201 202 203 204 205 
1695 194 195 196 197 198 199 200 201 202 203 204 
1696 193 194 195 196 197 198 199 200 201 202 203 204 
1697 192 193 194 195 196 197 198 199 200 201 202 203 
1698 191 192 193 194 195 196 197 198 199 200 201 202 
1699 190 191 192 193 194 195 196 197 198 199 200 201 
1700 190 191 192 193 194 195 196 197 198 199 200 
1701 189 190 191 192 193 194 195 196 197 198 199 
1702 188 189 190 191 192 193 194 195 196 197 198 
1703 187 188 189 190 191 192 193 194 195 196 197 
1704 186 187 188 189 190 191 192 193 194 195 196 197 
1705 185 186 187 188 189 190 191 192 193 194 195 196 
1706 184 185 186 187 188 189 190 191 192 193 194 195 
1707 183 184 185 186 187 188 189 190 191 192 193 194 
1708 182 183 184 185 186 187 188 189 190 191 192 193 
1709 181 182 183 184 185 186 187 188 189 190 191 192 
1710 180 181 182 183 184 185 186 187 188 189 190 191 
1711 180 181 182 183 184 185 186 187 188 189 190 
1712 179 180 181 182 183 184 185 186 187 188 189 
1713 178 179 180 181 182 183 184 185 186 187 188 
1714 177 178 179 180 181 182 183 184 185 186 187 
1715 176 177 178 179 180 181 182 183 184 185 186 
1716 175 176 177 178 179 180 181 182 183 184 185 
1717 174 175 176 177 178 179 180 181 182 183 184 
1718 173 174 175 176 177 178 179 180 181 182 183 
1719 172 173 174 175 176 177 178 179 180 181 182 
1720 171 172 173 174 175 176 177 178 179 180 181 
1721 170 171 172 173 174 175 176 177 178 179 180 
1722 168 169 170 171 172 173 174 175 176 177 178 179 
1723 167 168 169 170 171 172 173 174 175 176 177 178 
1724 166 167 168 169 170 171 172 173 174 175 176 177 
1725 165 166 167 168 169 170 171 172 173 174 175 176 
1726 164 165 166 167 168 169 170 171 172 173 174 175 
1727 163 164 165 166 167 168 169 170 171 172 173 174 
1728 162 163 164 165 166 167 168 169 170 171 172 173 
1729 161 162 163 164 165 166 167 168 169 170 171 172 
1730 160 161 162 163 164 165 166 167 168 169 170 171 
1731 159 160 161 162 163 164 165 166 167 168 169 170 
1732 158 159 160 161 162 163 164 165 166 167 168 169 
1733 157 158 159 160 161 162 163 164 165 166 167 168 
1734 155 156 157 158 159 160 161 162 163 164 165 166 167 
1735 154 155 156 157 158 159 160 161 162 163 164 165 166 
1736 153 154 155 156 157 158 159 160 161 162 163 164 165 
1737 152 153 154 155 156 157 158 159 160 161 162 163 164 
1738 151 152 153 154 155 156 157 158 159 160 161 162 
1739 150 151 152 153 154 155 156 157 158 159 160 161 
1740 149 150 151 152 153 154 155 156 157 158 159 160 
1741 148 149 150 151 152 153 154 155 156 157 158 159 
1742 147 148 149 150 151 152 153 154 155 156 157 158 
1743 146 147 148 149 150 151 152 153 154 155 156 157 
1744 145 146 147 148 149 150 151 152 153 154 155 156 
1745 144 145 146 147 148 149 150 151 152 153 154 155 
1746 143 144 145 146 147 148 149 150 151 152 153 154 
1747 142 143 144 145 146 147 148 149 150 151 152 153 
1748 141 142 143 144 145 146 147 148 149 150 151 152 
1749 140 141 142 143 144 145 146 147 148 149 150 
1750 139 140 141 142 143 144 145 146 147 148 149 
1751 138 139 140 141 142 143 144 145 146 147 148 
1752 137 138 139 140 141 142 143 144 145 146 147 
1753 136 137 138 139 140 141 142 143 144 145 146 
1754 135 136 137 138 139 140 141 142 143 144 145 
1755 134 135 136 137 138 139 140 141 142 143 144 
1756 132 133 134 135 136 137 138 139 140 141 142 143 
1757 131 132 133 134 135 136 137 138 139 140 141 142 
1758 130 131 132 133 134 135 136 137 138 139 140 141 
1759 129 130 131 132 133 134 135 136 137 138 139 140 
1760 128 129 130 131 132 133 134 135 136 137 138 139 
1761 127 128 129 130 131 132 133 134 135 136 137 138 
1762 126 127 128 129 130 131 132 133 134 135 136 137 
1763 125 126 127 128 129 130 131 132 133 134 135 136 
1764 124 125 126 127 128 129 130 131 132 133 134 135 
1765 123 124 125 126 127 128 129 130 131 132 133 134 
1766 122 123 124 125 126 127 128 129 130 131 132 133 
1767 121 122 123 124 125 126 127 128 129 130 131 132 
1768 120 121 122 123 124 125 126 127 128 129 130 131 
1769 119 120 121 122 123 124 125 126 127 128 129 130 
1770 118 119 120 121 122 123 124 125 126 127 128 129 
1771 117 118 119 120 121 122 123 124 125 126 127 128 
1772 116 117 118 119 120 121 122 123 124 125 126 127 
1773 115 116 117 118 119 120 121 122 123 124 125 126 
1774 114 115 116 117 118 119 120 121 122 123 124 125 
1775 113 114 115 116 117 118 119 120 121 122 123 124 
1776 112 113 114 115 116 117 118 119 120 121 122 123 
1777 111 112 113 114 115 116 117 118 119 120 121 
1778 110 111 112 113 114 115 116 117 118 119 120 
1779 109 110 111 112 113 114 115 116 117 118 119 
1780 108 109 110 111 112 113 114 115 116 117 118 
1781 107 108 109 110 111 112 113 114 115 116 117 
1782 106 107 108 109 110 111 112 113 114 115 116 
1783 106 107 108 109 110 111 112 113 114 115 116 
1784 105 106 107 108 109 110 111 112 113 114 115 
1785 104 105 106 107 108 109 110 111 112 113 114 
1786 103 104 105 106 107 108 109 110 111 112 113 
1787 102 103 104 105 106 107 108 109 110 111 112 
1788 102 103 104 105 106 107 108 109 110 111 
1789 101 102 103 104 105 106 107 108 109 110 
1790 100 101 102 103 104 105 106 107 108 109 
1791 100 101 102 103 104 105 106 107 108 
1792 98 99 100 101 102 103 104 105 106 107 
1793 97 98 99 100 101 102 103 104 105 106 
1794 96 97 98 99 100 101 102 103 104 105 106 
1795 95 96 97 98 99 100 101 102 103 104 105 
1796 94 95 96 97 98 99 100 101 102 103 104 
1797 93 94 95 96 97 98 99 100 101 102 103 
1798 92 93 94 95 96 97 98 99 100 101 102 
1799 91 92 93 94 95 96 97 98 99 100 101 
1800 90 91 92 93 94 95 96 97 98 99 100 101 
1801 90 91 92 93 94 95 96 97 98 99 100 
1802 89 90 91 92 93 94 95 96 97 98 99 
1803 88 89 90 91 92 93 94 95 96 97 98 
1804 87 88 89 90 91 92 93 94 95 96 97 98 
1805 86 87 88 89 90 91 92 93 94 95 96 97 
1806 85 86 87 88 89 90 91 92 93 94 95 96 97 
1807 84 85 86 87 88 89 90 91 92 93 94 95 96 
1808 84 85 86 87 88 89 90 91 92 93 94 95 96 
1809 83 84 85 86 87 88 89 90 91 92 93 94 95 
1810 82 83 84 85 86 87 88 89 90 91 92 93 94 95 
1811 81 82 83 84 85 86 87 88 89 90 91 92 93 94 
1812 81 82 83 84 85 86 87 88 89 90 91 92 93 94 
1813 80 81 82 83 84 85 86 87 88 89 90 91 92 93 94 
1814 79 80 81 82 83 84 85 86 87 88 89 90 91 92 93 
1815 79 80 81 82 83 84 85 86 87 88 89 90 91 92 93 
1816 78 79 80 81 82 83 84 85 86 87 88 89 90 91 92 93 
1817 77 78 79 80 81 82 83 84 85 86 87 88 89 90 91 92 
1818 77 78 79 80 81 82 83 84 85 86 87 88 89 90 91 92 
1819 76 77 78 79 80 81 82 83 84 85 86 87 88 89 90 91 92 
1820 76 77 78 79 80 81 82 83 84 85 86 87 88 89 90 91 
1821 75 76 77 78 79 80 81 82 83 84 85 86 87 88 89 90 91 
1822 74 75 76 77 78 79 80 81 82 83 84 85 86 87 88 89 90 91 
1823 74 75 76 77 78 79 80 81 82 83 84 85 86 87 88 89 90 91 
1824 73 74 75 76 77 78 79 80 81 82 83 84 85 86 87 88 89 90 
1825 72 73 74 75 76 77 78 79 80 81 82 83 84 85 86 87 88 89 90 
1826 72 73 74 75 76 77 78 79 80 81 82 83 84 85 86 87 88 89 90 
1827 71 72 73 74 75 76 77 78 79 80 81 82 83 84 85 86 87 88 89 90 
1828 70 71 72 73 74 75 76 77 78 79 80 81 82 83 84 85 86 87 88 89 
1829 70 71 72 73 74 75 76 77 78 79 80 81 82 83 84 85 86 87 88 89 
1830 69 70 71 72 73 74 75 76 77 78 79 80 81 82 83 84 85 86 87 88 89 
1831 69 70 71 72 73 74 75 76 77 78 79 80 81 82 83 84 85 86 87 88 89 
1832 68 69 70 71 72 73 74 75 76 77 78 79 80 81 82 83 84 85 86 87 88 
1833 67 68 69 70 71 72 73 74 75 76 77 78 79 80 81 82 83 84 85 86 87 88 
1834 67 68 69 70 71 72 73 74 75 76 77 78 79 80 81 82 83 84 85 86 87 88 
1835 66 67 68 69 70 71 72 73 74 75 76 77 78 79 80 81 82 83 84 85 86 87 88 
1836 65 66 67 68 69 70 71 72 73 74 75 76 77 78 79 80 81 82 83 84 85 86 87 
1837 65 66 67 68 69 70 71 72 73 74 75 76 77 78 79 80 81 82 83 84 85 86 87 
1838 64 65 66 67 68 69 70 71 72 73 74 75 76 77 78 79 80 81 82 83 84 85 86 87 
1839 64 65 66 67 68 69 70 71 72 73 74 75 76 77 78 79 80 81 82 83 84 85 86 87 
1840 64 65 66 67 68 69 70 71 72 73 74 75 76 77 78 79 80 81 82 83 84 85 86 
1841 63 64 65 66 67 68 69 70 71 72 73 74 75 76 77 78 79 80 81 82 83 84 85 86 
1842 63 64 65 66 67 68 69 70 71 72 73 74 75 76 77 78 79 80 81 82 83 84 85 86 
1843 63 64 65 66 67 68 69 70 71 72 73 74 75 76 77 78 79 80 81 82 83 84 85 
1844 63 64 65 66 67 68 69 70 71 72 73 74 75 76 77 78 79 80 81 82 83 84 85 
1845 63 64 65 66 67 68 69 70 71 72 73 74 75 76 77 78 79 80 81 82 83 84 
1846 63 64 65 66 67 68 69 70 71 72 73 74 75 76 77 78 79 80 81 82 83 84 
1847 64 65 66 67 68 69 70 71 72 73 74 75 76 77 78 79 80 81 82 83 
1848 65 66 67 68 69 70 71 72 73 74 75 76 77 78 79 80 81 82 
1849 65 66 67 68 69 70 71 72 73 74 75 76 77 78 79 80 81 82 
1850 66 67 68 69 70 71 72 73 74 75 76 77 78 79 80 81 
1851 68 69 70 71 72 73 74 75 76 77 78 79 80 
1852 69 70 71 72 73 74 75 76 77 78 
1853 72 73 74 75 76 
3859 2503 2504 2505 2506 2507 2508 2509 2510 2511 2512 2513 2514 2515 2516 2517 2518 2519 2520 2521 2522 2523 2524 2525 2526 
3860 2498 2499 2500 2501 2502 2503 2504 2505 2506 2507 2508 2509 2510 2511 2512 2513 2514 2515 2516 2517 2518 2519 2520 2521 2522 2523 2524 2525 2526 2527 2528 2529 2530 2531 
3861 2495 2496 2497 2498 2499 2500 2501 2502 2503 2504 2505 2506 2507 2508 2509 2510 2511 2512 2513 2514 2515 2516 2517 2518 2519 2520 2521 2522 2523 2524 2525 2526 2527 2528 2529 2530 2531 2532 2533 2534 2535 
3862 2492 2493 2494 2495 2496 2497 2498 2499 2500 2501 2502 2503 2504 2505 2506 2507 2508 2509 2510 2511 2512 2513 2514 2515 2516 2517 2518 2519 2520 2521 2522 2523 2524 2525 2526 2527 2528 2529 2530 2531 2532 2533 2534 2535 2536 2537 2538 
3863 2490 2491 2492 2493 2494 2495 2496 2497 2498 2499 2500 2501 2502 2503 2504 2505 2506 2507 2508 2509 2510 2511 2512 2513 2514 2515 2516 2517 2518 2519 2520 2521 2522 2523 2524 2525 2526 2527 2528 2529 2530 2531 2532 2533 2534 2535 2536 2537 2538 2539 2540 
3864 2488 2489 2490 2491 2492 2493 2494 2495 2496 2497 2498 2499 2500 2501 2502 2503 2504 2505 2506 2507 2508 2509 2510 2511 2512 2513 2514 2515 2516 2517 2518 2519 2520 2521 2522 2523 2524 2525 2526 2527 2528 2529 2530 2531 2532 2533 2534 2535 2536 2537 2538 2539 2540 2541 
3865 2486 2487 2488 2489 2490 2491 2492 2493 2494 2495 2496 2497 2498 2499 2500 2501 2502 2503 2504 2505 2506 2507 2508 2509 2510 2511 2512 2513 2514 2515 2516 2517 2518 2519 2520 2521 2522 2523 2524 2525 2526 2527 2528 2529 2530 2531 2532 2533 2534 2535 2536 2537 2538 2539 2540 2541 2542 
3866 2484 2485 2486 2487 2488 2489 2490 2491 2492 2493 2494 2495 2496 2497 2498 2499 2500 2501 2502 2503 2504 2505 2506 2507 2508 2509 2510 2511 2512 2513 2514 2515 2516 2517 2518 2519 2520 2521 2522 2523 2524 2525 2526 2527 2528 2529 2530 2531 2532 2533 2534 2535 2536 2537 2538 2539 2540 2541 2542 2543 
3867 2483 2484 2485 2486 2487 2488 2489 2490 2491 2492 2493 2494 2495 2496 2497 2498 2499 2500 2501 2502 2503 2504 2505 2506 2507 2508 2509 2510 2511 2512 2513 2514 2515 2516 2517 2518 2519 2520 2521 2522 2523 2524 2525 2526 2527 2528 2529 2530 2531 2532 2533 2534 2535 2536 2537 2538 2539 2540 2541 2542 2543 
3868 2482 2483 2484 2485 2486 2487 2488 2489 2490 2491 2492 2493 2494 2495 2496 2497 2498 2499 2500 2501 2502 2503 2504 2505 2506 2507 2508 2509 2510 2511 2512 2513 2514 2515 2516 2517 2518 2519 2520 2521 2522 2523 2524 2525 2526 2527 2528 2529 2530 2531 2532 2533 2534 2535 2536 2537 2538 2539 2540 2541 2542 2543 
3869 2482 2483 2484 2485 2486 2487 2488 2489 2490 2491 2492 2493 2494 2495 2496 2497 2498 2499 2500 2501 2502 2503 2504 2505 2506 2507 2508 2509 2510 2511 2512 2513 2514 2515 2516 2517 2518 2519 2520 2521 2522 2523 2524 2525 2526 2527 2528 2529 2530 2531 2532 2533 2534 2535 2536 2537 2538 2539 2540 2541 2542 2543 
3870 2483 2484 2485 2486 2487 2488 2489 2490 2491 2492 2493 2494 2495 2496 2497 2498 2499 2500 2501 2502 2503 2504 2505 2506 2507 2508 2509 2510 2511 2512 2513 2514 2515 2516 2517 2518 2519 2520 2521 2522 2523 2524 2525 2526 2527 2528 2529 2530 2531 2532 2533 2534 2535 2536 2537 2538 2539 2540 2541 2542 
3871 2486 2487 2488 2489 2490 2491 2492 2493 2494 2495 2496 2497 2498 2499 2500 2501 2502 2503 2504 2505 2506 2507 2508 2509 2510 2511 2512 2513 2514 2515 2516 2517 2518 2519 2520 2521 2522 2523 2524 2525 2526 2527 2528 2529 2530 2531 2532 2533 2534 2535 2536 2537 2538 2539 2540 2541 
3872 2505 2506 2507 2508 2509 2510 2511 2512 2513 2514 2515 2516 2517 2518 2519 2520 2521 2522 2523 2524 2525 2526 2527 2528 2529 2530 2531 2532 2533 2534 2535 2536 2537 2538 2539 2540 
3873 2518 2519 2520 2521 2522 2523 2524 2525 2526 2527 2528 2529 2530 2531 2532 2533 2534 2535 2536 2537 
4031 3981 
4032 3982 
4033 3982 3983 
4034 3982 3983 3984 
4035 3982 3983 3984 3985 
4036 3982 3983 3984 3985 3986 
4037 3983 3984 3985 3986 3987 
4038 3983 3984 3985 3986 3987 3988 
4039 3984 3985 3986 3987 3988 3989 
4040 3984 3985 3986 3987 3988 3989 3990 
4041 3985 3986 3987 3988 3989 3990 3991 
4042 3985 3986 3987 3988 3989 3990 3991 3992 
4043 3986 3987 3988 3989 3990 3991 3992 3993 
4044 3986 3987 3988 3989 3990 3991 3992 3993 3994 
4045 3987 3988 3989 3990 3991 3992 3993 3994 3995 
4046 3988 3989 3990 3991 3992 3993 3994 3995 3996 
4047 3989 3990 3991 3992 3993 3994 3995 3996 3997 
4048 3990 3991 3992 3993 3994 3995 3996 3997 3998 
4049 3991 3992 3993 3994 3995 3996 3997 3998 3999 
4050 3992 3993 3994 3995 3996 3997 3998 3999 4000 
4051 3994 3995 3996 3997 3998 3999 4000 4001 
4052 3995 3996 3997 3998 3999 4000 4001 4002 
4053 3997 3998 3999 4000 4001 4002 4003 
4054 3999 4000 4001 4002 4003 4004 
4055 4003 4004 4005 
