   3.7023807e-01   3.5952379e-01   3.2182540e-01   3.1309519e-01   3.0396821e-01   2.8809526e-01   3.0357138e-01   3.1547619e-01   3.4365079e-01   3.3412705e-01   3.5595238e-01   3.9841271e-01   4.5912707e-01   4.8611112e-01   4.8015874e-01   4.1785714e-01   4.4603174e-01   4.4166662e-01   3.5119055e-01   3.1388893e-01
   3.2222222e-01   3.3267969e-01   3.5228761e-01   3.7320265e-01   3.9477127e-01   3.9803927e-01   3.9673198e-01   4.0588227e-01   3.9150322e-01   4.1928096e-01   4.2352945e-01   4.1960780e-01   3.9379088e-01   4.1470586e-01   4.4803922e-01   4.8529410e-01   5.6209157e-01   6.0490196e-01   5.7189541e-01   3.6960780e-01
   2.2892159e-01   2.3578434e-01   2.3627451e-01   2.2794118e-01   2.3235293e-01   2.3848044e-01   2.5490200e-01   2.6127453e-01   2.8308822e-01   2.7818624e-01   2.8137254e-01   2.9828432e-01   3.2965685e-01   3.7132354e-01   4.3333337e-01   4.5416665e-01   4.4975491e-01   5.2843140e-01   5.5857838e-01   2.2107847e-01
   2.9444446e-01   2.9227052e-01   2.9202894e-01   2.9178738e-01   2.8140101e-01   2.7342994e-01   2.7826086e-01   2.7270530e-01   2.8091790e-01   2.9734301e-01   3.0507246e-01   3.1449275e-01   3.3454109e-01   3.5579712e-01   3.8454107e-01   4.3743961e-01   4.8719807e-01   4.3599043e-01   3.5555557e-01   4.2004835e-01
   4.5459766e-01   4.5229883e-01   4.5862062e-01   4.4080469e-01   4.3965517e-01   4.3678162e-01   4.0747131e-01   3.9655169e-01   3.8965517e-01   3.6839079e-01   3.5747124e-01   3.4712638e-01   3.5632176e-01   3.9310334e-01   4.3620690e-01   4.2701155e-01   3.1666672e-01   2.5862069e-01   3.5977024e-01   4.9885062e-01
   5.7978721e-01   5.2872338e-01   4.7659581e-01   3.9255317e-01   3.5177304e-01   3.1808517e-01   2.9787236e-01   2.8404253e-01   2.9361700e-01   3.0460991e-01   3.1560285e-01   3.2517734e-01   3.1808513e-01   3.6099287e-01   3.9397157e-01   3.9822696e-01   4.8014187e-01   5.5319149e-01   4.5283694e-01   8.9361713e-02
   5.3777778e-01   5.3138893e-01   5.3777782e-01   5.2805553e-01   5.2499997e-01   5.2388890e-01   5.0555553e-01   5.0361112e-01   4.9777772e-01   4.9166668e-01   4.9361115e-01   4.6277778e-01   4.5194445e-01   4.5083340e-01   4.5722218e-01   4.7333328e-01   5.4499998e-01   6.0777772e-01   4.6444437e-01   1.5277782e-01
   2.0588238e-01   2.0784309e-01   2.1274507e-01   2.2598043e-01   2.2352941e-01   2.2058822e-01   2.3063726e-01   2.6102938e-01   2.8504899e-01   2.9926469e-01   3.3750001e-01   3.7426465e-01   3.9509796e-01   4.1691178e-01   4.3897063e-01   4.7647057e-01   4.9362747e-01   4.8651959e-01   4.8774515e-01   4.9558819e-01
   1.7939398e-01   1.7848484e-01   1.7030316e-01   1.6696970e-01   1.6909096e-01   1.7303027e-01   1.7242420e-01   1.7727264e-01   1.7484851e-01   1.8181820e-01   2.1090909e-01   2.0696976e-01   2.1727278e-01   2.2939402e-01   2.6606065e-01   3.0757578e-01   3.9181816e-01   4.7272731e-01   3.2939393e-01   5.4242391e-02
   6.4874213e-01   6.1069189e-01   5.4528304e-01   4.9528302e-01   4.3836483e-01   4.0157234e-01   3.7704408e-01   3.4842768e-01   3.3207549e-01   3.1069183e-01   2.8647804e-01   2.9088051e-01   2.9213838e-01   3.0094334e-01   3.2924526e-01   3.7610068e-01   4.5188683e-01   4.5125789e-01   4.5849051e-01   1.5817609e-01
   4.7282052e-01   4.7923083e-01   4.8205131e-01   4.6615383e-01   4.5102562e-01   4.5923077e-01   4.6230771e-01   4.6769231e-01   4.6333338e-01   4.7820517e-01   4.8384620e-01   5.2102558e-01   5.3948708e-01   5.9333331e-01   5.9076925e-01   5.9743597e-01   5.4564106e-01   4.3512818e-01   3.6974362e-01   2.5128211e-01
   1.8928574e-01   1.8849212e-01   1.8849200e-01   1.9642862e-01   2.0515871e-01   2.1825393e-01   2.4325398e-01   2.4722224e-01   2.7460312e-01   3.1428576e-01   3.5833338e-01   3.9801586e-01   4.3452383e-01   5.0436510e-01   5.5634917e-01   5.4960319e-01   5.3650786e-01   5.4087302e-01   4.3333338e-01   2.1269842e-01
   1.8143939e-01   1.6931825e-01   1.6818179e-01   1.7992430e-01   1.7992423e-01   1.7045455e-01   1.6856059e-01   1.6931818e-01   1.9053023e-01   1.8901511e-01   1.9090916e-01   2.0151516e-01   2.0340911e-01   2.4469700e-01   2.7424241e-01   3.1969691e-01   3.3560600e-01   2.5606066e-01   2.8181811e-01   4.5151511e-01
   6.0709221e-01   5.9503545e-01   5.5390070e-01   4.9929079e-01   4.6347523e-01   4.0957447e-01   3.8723406e-01   3.5035457e-01   3.2482264e-01   3.1028366e-01   2.9397166e-01   2.9290783e-01   3.0390068e-01   3.1631200e-01   3.5354609e-01   4.0744687e-01   3.4893613e-01   2.6453900e-01   2.6276596e-01   3.7056734e-01
   4.6140360e-01   4.6023393e-01   4.6432756e-01   4.5204682e-01   4.2894735e-01   3.9736844e-01   3.9298246e-01   3.9999998e-01   3.8391814e-01   3.8654970e-01   3.8421054e-01   3.5643272e-01   3.5175437e-01   3.6842105e-01   3.9970758e-01   4.3216377e-01   4.7192984e-01   4.8742688e-01   4.9415204e-01   1.4912283e-01
   2.8034190e-01   2.8205128e-01   2.7735038e-01   2.9017097e-01   3.1880346e-01   3.3888895e-01   3.5341887e-01   3.6495728e-01   3.8376074e-01   3.6923079e-01   3.6153851e-01   3.8418808e-01   4.2435890e-01   4.2863241e-01   4.3931626e-01   4.4529913e-01   4.6324787e-01   3.8760679e-01   4.1794867e-01   5.6025638e-01
   6.8124998e-01   6.4541673e-01   6.1416673e-01   5.6749995e-01   5.0291660e-01   4.5000002e-01   4.3874992e-01   4.2541670e-01   4.1125007e-01   4.0416657e-01   3.8875000e-01   3.8333330e-01   3.8625008e-01   4.1041660e-01   4.4666660e-01   4.8166670e-01   5.2291673e-01   4.8458325e-01   3.8333330e-01   1.6416668e-01
   3.8405789e-01   3.7391298e-01   4.0362324e-01   3.9565209e-01   3.8260870e-01   3.6521741e-01   3.7644928e-01   3.6449276e-01   3.7391298e-01   4.0833335e-01   4.0978265e-01   4.0253624e-01   4.1992759e-01   4.9420293e-01   5.7318835e-01   5.4818848e-01   4.7572459e-01   4.7572472e-01   4.5253617e-01   1.9855069e-01
   3.0482461e-01   3.1710529e-01   2.8859642e-01   2.8596487e-01   2.7763163e-01   2.4561403e-01   2.5219289e-01   2.4956142e-01   2.6315787e-01   2.7061405e-01   2.7587718e-01   2.9649118e-01   3.0350874e-01   3.0526313e-01   3.1403511e-01   3.3026316e-01   3.5657900e-01   5.3026313e-01   5.2236842e-01   9.0350863e-02
   3.6802724e-01   3.5204086e-01   3.5816324e-01   3.4965982e-01   3.6428573e-01   3.8741494e-01   4.1972792e-01   4.4625855e-01   4.5544214e-01   4.8639457e-01   5.0272118e-01   5.2380947e-01   5.3367343e-01   5.2551020e-01   5.3571435e-01   5.1156463e-01   4.8299322e-01   3.8537416e-01   3.0986394e-01   1.4319725e-01
   4.4924243e-01   4.3484850e-01   4.1060607e-01   3.9204548e-01   3.5492425e-01   3.2575752e-01   3.2234850e-01   3.1742420e-01   3.1250002e-01   3.1098480e-01   3.1704548e-01   3.2803023e-01   3.3181811e-01   3.3750002e-01   3.6250002e-01   4.0037870e-01   4.7537875e-01   5.7575757e-01   5.4810605e-01   2.9999995e-01
   3.8969698e-01   3.8454551e-01   3.7484851e-01   3.5848482e-01   3.2969698e-01   2.9999995e-01   2.6969704e-01   2.5030302e-01   2.2515151e-01   2.3484851e-01   2.4030296e-01   2.4606060e-01   2.5606067e-01   2.6212122e-01   2.8606056e-01   3.1666667e-01   3.9121215e-01   5.3606056e-01   3.7181816e-01   4.7878776e-02
   4.5495503e-01   4.3873873e-01   4.0855854e-01   4.0360365e-01   3.9819824e-01   3.8018014e-01   3.7027019e-01   3.6576573e-01   3.3828822e-01   3.2567568e-01   3.3738732e-01   3.6621627e-01   3.8333330e-01   3.7117108e-01   3.7117119e-01   3.7702703e-01   3.4234235e-01   2.9009016e-01   2.6261265e-01   1.7882891e-01
   5.3333334e-01   5.0650407e-01   4.5121954e-01   3.9918695e-01   3.5243900e-01   3.2479668e-01   2.9715449e-01   2.8089432e-01   2.7398380e-01   2.5894310e-01   2.5934951e-01   2.6016261e-01   2.5325205e-01   2.6300812e-01   2.9715446e-01   3.7276429e-01   4.3658534e-01   3.5853656e-01   3.6829263e-01   2.2886184e-01
   3.0656556e-01   2.9898986e-01   2.9242426e-01   2.8055555e-01   2.6287874e-01   2.5050500e-01   2.4494952e-01   2.4090911e-01   2.4772724e-01   2.5126262e-01   2.4873742e-01   2.5025250e-01   2.7500006e-01   3.0277786e-01   3.2146458e-01   3.3737370e-01   3.2499997e-01   2.4419195e-01   2.5303030e-01   5.1565659e-01
   2.9421763e-01   3.0408161e-01   3.0578235e-01   2.9217690e-01   3.1020414e-01   3.1088437e-01   3.1938778e-01   3.3367351e-01   3.1598639e-01   3.2517002e-01   3.4013604e-01   3.6632653e-01   3.9557820e-01   4.0816333e-01   4.1496594e-01   4.5170071e-01   4.9863949e-01   5.8673463e-01   5.5952384e-01   1.2244906e-01
   4.4920632e-01   4.4629624e-01   4.3544975e-01   4.3941797e-01   4.5105819e-01   4.4973549e-01   4.4576721e-01   4.5899468e-01   4.5396829e-01   4.5211635e-01   4.4973548e-01   4.6693119e-01   4.5476187e-01   4.4814813e-01   4.3068787e-01   4.7513229e-01   5.4735449e-01   4.6825392e-01   4.2513222e-01   3.9523803e-01
   2.1944444e-01   2.2152777e-01   2.1701385e-01   2.3854162e-01   2.4722217e-01   2.5138892e-01   2.5937502e-01   2.8298606e-01   2.9687498e-01   3.3333327e-01   3.5277777e-01   3.6215283e-01   3.5069442e-01   3.4340277e-01   3.6770837e-01   4.5868048e-01   5.6631940e-01   6.2152779e-01   5.3993060e-01   3.0694442e-01
   3.8978503e-01   3.8333329e-01   4.0698929e-01   4.0483877e-01   4.1935487e-01   4.1612903e-01   4.0752697e-01   3.9892477e-01   3.9301074e-01   4.2043019e-01   4.2204303e-01   4.2473123e-01   4.7204297e-01   4.7688177e-01   4.6774197e-01   4.6774194e-01   5.2580645e-01   5.0537629e-01   5.9892465e-01   6.2526877e-01
   5.2214283e-01   5.1428571e-01   4.8500000e-01   4.4714287e-01   4.0809524e-01   3.6714291e-01   3.4166667e-01   3.2333334e-01   3.1142857e-01   3.1880950e-01   3.1238091e-01   3.2999996e-01   3.3357143e-01   3.5047616e-01   3.6904767e-01   4.2047617e-01   4.7595237e-01   4.2190479e-01   3.4833334e-01   3.6690471e-01
   3.7673602e-01   3.8159717e-01   3.7048610e-01   3.4722219e-01   3.4791671e-01   3.6493054e-01   3.5729169e-01   3.6215273e-01   3.7430558e-01   3.8402773e-01   3.9305556e-01   4.0520833e-01   3.9166665e-01   3.9722223e-01   4.4583335e-01   5.2604158e-01   6.2743054e-01   5.7256948e-01   3.2395831e-01   5.3124998e-02
   3.0307021e-01   2.9166663e-01   2.5964913e-01   2.7456134e-01   2.8903508e-01   2.8333326e-01   2.7368416e-01   3.1447363e-01   3.5482458e-01   3.7719300e-01   4.0877192e-01   4.3815787e-01   4.5526318e-01   4.6885966e-01   4.5131579e-01   4.6973676e-01   4.3464916e-01   3.3464908e-01   2.4166668e-01   9.5614137e-02
   5.8233342e-01   5.6866666e-01   5.5733334e-01   5.6100002e-01   5.4699998e-01   5.1499998e-01   5.0666672e-01   4.9133332e-01   4.7333330e-01   4.6533332e-01   4.4600008e-01   4.3000002e-01   4.3433332e-01   4.3000006e-01   4.4300004e-01   4.5566670e-01   4.4433332e-01   4.0233334e-01   4.1166668e-01   4.2233330e-01
   3.1081870e-01   3.2280711e-01   3.3713447e-01   3.3771930e-01   3.4502928e-01   3.7397658e-01   3.7543861e-01   3.5789463e-01   3.5146198e-01   3.5321632e-01   3.4707604e-01   3.3245614e-01   3.1578960e-01   3.1374265e-01   3.2953219e-01   3.8538007e-01   4.6315793e-01   4.8187144e-01   4.2660821e-01   1.9883038e-01
   3.7023810e-01   3.8452383e-01   3.8492071e-01   3.8650793e-01   3.9761917e-01   4.0039683e-01   3.9960314e-01   4.4087302e-01   4.5555560e-01   4.7380955e-01   5.0476193e-01   4.9960317e-01   5.3174602e-01   5.8531748e-01   5.5992062e-01   5.5436500e-01   5.2777776e-01   4.5277769e-01   4.6269845e-01   5.1626990e-01
   3.7730498e-01   3.7801417e-01   3.6773043e-01   3.7624111e-01   3.7907806e-01   3.7517730e-01   3.5035462e-01   3.5851068e-01   3.6560281e-01   3.6950355e-01   3.5141843e-01   3.6666664e-01   3.7801419e-01   4.0531915e-01   3.9539002e-01   4.7340428e-01   4.6347509e-01   3.6524821e-01   2.8652487e-01   4.5141843e-01
   5.1347521e-01   5.3014194e-01   5.2517734e-01   5.2695030e-01   5.1524826e-01   5.1028368e-01   5.0035464e-01   4.7446813e-01   4.7340415e-01   4.5531917e-01   4.5248228e-01   4.4361704e-01   4.3439717e-01   4.5248219e-01   4.4326247e-01   4.4148936e-01   4.2907802e-01   3.7021268e-01   2.8014179e-01   1.5886534e-01
   4.5102045e-01   4.4421765e-01   4.3129257e-01   4.4013604e-01   4.3265306e-01   4.3639455e-01   4.4319727e-01   4.4965980e-01   4.6666667e-01   4.7346937e-01   4.8299322e-01   5.3537418e-01   5.4217686e-01   5.6088433e-01   5.4421776e-01   5.0748298e-01   5.0884357e-01   6.1564627e-01   5.9625853e-01   2.1088435e-01
   2.3939394e-01   2.3409088e-01   2.4090911e-01   2.4090911e-01   2.5101014e-01   2.6338380e-01   2.8257576e-01   2.9949494e-01   3.0984852e-01   3.0303032e-01   2.9873735e-01   3.0353533e-01   3.1717168e-01   3.5429292e-01   4.0808079e-01   4.9292923e-01   5.8838382e-01   5.7373741e-01   3.4696970e-01   9.3939398e-02
   2.0381948e-01   2.0381944e-01   2.1527777e-01   2.1388900e-01   2.2152779e-01   2.2986112e-01   2.3472225e-01   2.4305556e-01   2.6944444e-01   2.9583338e-01   3.4270838e-01   3.6284723e-01   3.9548619e-01   4.2569442e-01   4.9791667e-01   5.6111110e-01   5.6145829e-01   4.0243058e-01   1.6770834e-01   2.8472227e-02
   3.4864865e-01   3.4999995e-01   3.4549546e-01   3.7342343e-01   3.7702697e-01   3.8468465e-01   4.1756759e-01   4.2522522e-01   4.1171162e-01   4.3603603e-01   4.5540541e-01   4.5810805e-01   4.3333332e-01   4.3198200e-01   4.3108103e-01   4.0810805e-01   3.6261259e-01   3.8378381e-01   3.9549551e-01   2.0315313e-01
   4.5079362e-01   4.1878303e-01   4.0661371e-01   4.0952383e-01   4.1904757e-01   4.3492062e-01   4.2804238e-01   4.3783068e-01   4.6190478e-01   4.9047616e-01   5.1772489e-01   5.4021168e-01   5.5608467e-01   5.6984130e-01   5.9947083e-01   6.1851852e-01   6.2301584e-01   5.6084656e-01   3.4470906e-01   8.3333363e-02
   4.8089437e-01   4.7357717e-01   4.6951224e-01   4.7886168e-01   4.6788617e-01   4.6991871e-01   4.7073173e-01   4.7357724e-01   4.9918695e-01   5.1910563e-01   5.0081300e-01   5.3089429e-01   5.4634151e-01   5.5609761e-01   5.8211390e-01   5.6056915e-01   5.0650400e-01   3.6666661e-01   3.9756098e-01   5.4674795e-01
   3.4000000e-01   3.3708328e-01   3.2125000e-01   3.0833332e-01   3.0000000e-01   2.7374997e-01   2.6041672e-01   2.5083330e-01   2.4125000e-01   2.3875005e-01   2.3625002e-01   2.5166667e-01   2.4708332e-01   2.6666672e-01   2.8166675e-01   3.2750000e-01   3.7500000e-01   3.5750005e-01   3.7708332e-01   3.2416665e-01
   3.9285718e-01   3.9591835e-01   4.1904755e-01   4.1802718e-01   4.1224488e-01   4.2482990e-01   4.4965988e-01   4.3435380e-01   4.4251700e-01   4.6122445e-01   4.7346937e-01   4.6394555e-01   4.6496592e-01   4.6224482e-01   4.4761904e-01   4.7244902e-01   5.3095239e-01   6.2959182e-01   3.9013606e-01   7.0068018e-02
   5.3840580e-01   5.2246380e-01   4.8840583e-01   4.8731896e-01   4.6123198e-01   4.2500002e-01   3.9673909e-01   3.6304350e-01   3.4673917e-01   3.4239130e-01   3.3369572e-01   3.0869567e-01   3.1304346e-01   3.2355076e-01   3.3405800e-01   3.9021743e-01   4.7173915e-01   6.1449276e-01   3.2644935e-01   8.1521772e-02
   2.1588545e-01   2.1536456e-01   2.1015627e-01   2.1041666e-01   2.1536445e-01   2.2864583e-01   2.4322919e-01   2.4635419e-01   2.5364584e-01   2.7604175e-01   3.0182288e-01   3.1145834e-01   3.5026041e-01   3.7734373e-01   3.8984370e-01   3.7187506e-01   3.6692706e-01   3.3255209e-01   3.1197918e-01   1.6953124e-01
   2.6258496e-01   2.5646263e-01   2.6836741e-01   2.4897961e-01   2.4387759e-01   2.7108843e-01   2.9897957e-01   3.3367351e-01   3.7108841e-01   4.0170069e-01   4.2482994e-01   4.4625847e-01   4.3265300e-01   4.8367349e-01   5.2721086e-01   4.8571433e-01   4.1462586e-01   3.5612243e-01   3.9013606e-01   2.9353742e-01
   2.4097212e-01   2.2222221e-01   2.1527783e-01   2.0833333e-01   2.1319450e-01   2.1666667e-01   2.0208333e-01   1.8888892e-01   1.8680546e-01   1.9444438e-01   1.9791658e-01   2.1527771e-01   2.0833338e-01   2.1111113e-01   2.3055542e-01   2.8541658e-01   4.2361104e-01   5.4027767e-01   4.9791671e-01   2.1527780e-01
   4.0753964e-01   3.8650795e-01   3.6706350e-01   3.5873012e-01   3.3650786e-01   3.0952386e-01   3.1230160e-01   2.9047621e-01   2.9444443e-01   3.0039683e-01   3.2738093e-01   3.5714286e-01   4.0079364e-01   4.2142862e-01   4.3214281e-01   4.4285717e-01   4.9087305e-01   4.5396821e-01   2.7063498e-01   5.7539674e-02
