   3.1362436e-01   2.8121698e-01   2.3968254e-01   2.0727516e-01   1.8544972e-01   1.7632273e-01   1.7460319e-01   1.8333335e-01   1.9312169e-01   1.9603174e-01   2.0185185e-01   2.1812173e-01   2.3783069e-01   2.7063490e-01   2.9642854e-01   3.7380955e-01   4.7870373e-01   5.4484128e-01   3.2724871e-01   6.3095240e-02
   5.0399998e-01   4.9266666e-01   4.4633332e-01   4.0700008e-01   3.6333334e-01   3.0833336e-01   2.5966664e-01   2.1499996e-01   2.0700000e-01   2.1733336e-01   2.3500004e-01   2.5433330e-01   2.7033332e-01   2.9966662e-01   3.3599998e-01   4.0099998e-01   5.0033330e-01   4.5366668e-01   2.5600005e-01   4.1666660e-02
   5.0641025e-01   4.6153842e-01   3.8814098e-01   2.9775640e-01   2.1442300e-01   1.7724362e-01   1.6858975e-01   1.7499996e-01   1.8237179e-01   2.0064106e-01   2.1282044e-01   2.3653842e-01   2.6634615e-01   3.0032058e-01   3.6217948e-01   4.2243590e-01   4.9775644e-01   5.0961542e-01   3.7692302e-01   1.5384609e-01
   2.2067509e-01   2.1856541e-01   2.1540086e-01   2.3185651e-01   2.4113923e-01   2.5569616e-01   2.7531644e-01   2.7932495e-01   2.9535866e-01   3.1962032e-01   3.1814348e-01   3.3037973e-01   3.2637132e-01   3.1645575e-01   3.2679328e-01   3.4008439e-01   3.9177214e-01   3.6603373e-01   3.3396625e-01   4.3966244e-01
   3.1312057e-01   3.0851067e-01   3.0443266e-01   3.0088654e-01   3.0283687e-01   3.0124115e-01   2.9592198e-01   2.9184405e-01   3.0265959e-01   2.9680850e-01   2.8421989e-01   2.7624113e-01   2.7500002e-01   3.0443265e-01   3.6170207e-01   4.5656024e-01   5.5248229e-01   5.0815607e-01   2.5815600e-01   7.3049659e-02
   2.7170542e-01   2.7519386e-01   2.7364342e-01   3.0193800e-01   3.0697674e-01   3.4457365e-01   3.9031012e-01   4.0542635e-01   4.2170547e-01   4.3217053e-01   4.4844965e-01   4.4224802e-01   4.3604649e-01   4.3488372e-01   4.2519374e-01   3.7286823e-01   3.0271319e-01   2.4883719e-01   3.0155035e-01   3.0310069e-01
   3.5833337e-01   3.6008776e-01   3.5964908e-01   3.3640350e-01   3.2719297e-01   3.2850879e-01   3.4166668e-01   3.2017539e-01   3.1578939e-01   3.1491229e-01   3.5350874e-01   3.7105261e-01   3.7894737e-01   3.6271929e-01   3.1271934e-01   2.8728066e-01   2.9692984e-01   4.0263163e-01   5.1622808e-01   2.0307021e-01
   2.2235291e-01   2.1882353e-01   1.9627453e-01   1.9607841e-01   1.9666665e-01   2.0176473e-01   1.9392155e-01   1.9411767e-01   1.9862747e-01   2.0254901e-01   2.0098041e-01   2.0764706e-01   1.9999998e-01   2.0784308e-01   2.2352934e-01   2.3921560e-01   2.9647058e-01   4.4254902e-01   5.0960782e-01   8.4313712e-02
   1.8677535e-01   1.7318843e-01   1.6702897e-01   1.6702895e-01   1.6920291e-01   1.7355071e-01   1.8061593e-01   1.9528987e-01   2.0507250e-01   2.0815222e-01   2.1865943e-01   2.3731882e-01   2.5869562e-01   2.9311592e-01   3.4166665e-01   3.8967392e-01   4.7590576e-01   5.5778989e-01   4.9112323e-01   4.1123189e-02
   3.5497075e-01   3.4502923e-01   3.3274854e-01   3.1988305e-01   3.0555554e-01   2.9444453e-01   2.9239768e-01   2.7426907e-01   2.6315793e-01   2.6140349e-01   2.4619881e-01   2.3742689e-01   2.3918128e-01   2.3567251e-01   2.4853800e-01   2.7748539e-01   2.9941516e-01   3.6666670e-01   4.8888888e-01   1.6345027e-01
   2.1974357e-01   2.2025643e-01   2.2025642e-01   2.3205131e-01   2.5435895e-01   2.8282055e-01   3.1564103e-01   3.2435898e-01   3.2794869e-01   3.3999998e-01   3.4897429e-01   3.7282057e-01   3.7076920e-01   3.8846155e-01   3.8307695e-01   4.2589745e-01   4.2282051e-01   4.1128208e-01   2.3256412e-01   3.6666675e-02
   1.9779868e-01   2.0345911e-01   2.1257853e-01   2.1666668e-01   2.2106925e-01   2.2767292e-01   2.4748428e-01   2.5597487e-01   2.7610064e-01   2.7735849e-01   2.9182392e-01   2.8364783e-01   2.9559745e-01   2.8710691e-01   2.6415089e-01   2.5471698e-01   2.3364780e-01   2.2641511e-01   1.7672953e-01   5.8176092e-02
   3.0447156e-01   2.9959349e-01   2.7642283e-01   2.6666668e-01   2.6300812e-01   2.5203256e-01   2.4471539e-01   2.6544717e-01   3.0203246e-01   3.3658537e-01   3.8252032e-01   4.3414641e-01   4.7235768e-01   5.3292676e-01   5.8333329e-01   6.3699183e-01   6.8780485e-01   6.8455288e-01   5.5081295e-01   2.6666670e-01
   4.0056493e-01   3.7627115e-01   3.7372881e-01   3.7090393e-01   3.6525425e-01   3.4548025e-01   3.1949153e-01   2.9406780e-01   2.9237281e-01   2.9322034e-01   3.0451978e-01   3.3050847e-01   3.5677969e-01   3.9491536e-01   4.4209037e-01   4.8446327e-01   4.1694922e-01   3.1807903e-01   2.8926559e-01   1.4039552e-01
   3.1237373e-01   2.8712126e-01   2.6515153e-01   2.2651514e-01   2.0580811e-01   1.8813132e-01   1.8005052e-01   1.8257579e-01   1.8813126e-01   2.0075755e-01   2.1641412e-01   2.3661615e-01   2.6616159e-01   3.0984852e-01   3.7272729e-01   3.8535359e-01   3.1868688e-01   2.3636368e-01   2.9545456e-01   4.1590909e-01
   2.0957854e-01   2.1111109e-01   2.1800762e-01   2.1934867e-01   2.2432948e-01   2.2701148e-01   2.3965514e-01   2.4425285e-01   2.4731799e-01   2.7394636e-01   3.0555554e-01   3.1264366e-01   3.4597701e-01   3.8582379e-01   3.5996167e-01   2.8122609e-01   2.3275859e-01   2.6455939e-01   3.0881222e-01   3.3295024e-01
   2.9722225e-01   3.3749996e-01   3.6597221e-01   4.0069450e-01   4.4513900e-01   4.7569446e-01   5.0277779e-01   5.2638887e-01   5.2708338e-01   5.2222212e-01   4.3888887e-01   3.6180562e-01   3.2847221e-01   3.4513892e-01   3.7499992e-01   4.2430558e-01   4.1597212e-01   3.5972229e-01   1.6041665e-01   4.8611112e-02
   1.6048105e-01   1.4725090e-01   1.4793814e-01   1.5051549e-01   1.5206181e-01   1.5549829e-01   1.5996565e-01   1.6563574e-01   1.7972507e-01   1.9209620e-01   2.0429556e-01   2.1804121e-01   2.3316147e-01   2.5704470e-01   2.7611677e-01   3.5068726e-01   4.5034366e-01   5.1890033e-01   2.8127151e-01   6.8213096e-02
   4.0555556e-01   4.0105819e-01   3.8597887e-01   3.5343917e-01   3.3624333e-01   3.2116400e-01   2.8888886e-01   2.7248678e-01   2.4788357e-01   2.4232803e-01   2.6481478e-01   2.8121690e-01   3.0767198e-01   3.4523808e-01   4.0079367e-01   4.8968249e-01   5.4682535e-01   5.1164025e-01   2.9470900e-01   7.0105783e-02
   3.1301583e-01   3.0412697e-01   2.9238093e-01   2.6349206e-01   2.4190478e-01   2.1984128e-01   2.0888888e-01   2.1206353e-01   2.1444446e-01   2.2063490e-01   2.2968254e-01   2.5126984e-01   2.6492066e-01   3.0571431e-01   3.6174601e-01   4.0841272e-01   3.7587301e-01   3.1793648e-01   3.8841272e-01   1.7412696e-01
   2.5725803e-01   2.4274189e-01   2.3682792e-01   2.2580648e-01   2.2258065e-01   2.1693549e-01   2.1155913e-01   2.0403231e-01   1.9784947e-01   1.9032256e-01   1.8763439e-01   1.7338712e-01   1.7043008e-01   1.6424728e-01   1.8252691e-01   2.2043014e-01   2.8736559e-01   3.0591397e-01   2.2043013e-01   3.9301077e-01
   3.2174602e-01   3.1984131e-01   3.0809523e-01   3.0539682e-01   3.0412700e-01   2.9333330e-01   2.6238095e-01   2.3952381e-01   2.1984127e-01   2.0936510e-01   2.1253967e-01   2.3095236e-01   2.4206351e-01   2.5158729e-01   2.7936510e-01   3.3634922e-01   4.6031750e-01   5.3984125e-01   3.9253967e-01   1.0682539e-01
   3.7641509e-01   3.9528300e-01   4.0000002e-01   4.1446538e-01   4.2106923e-01   4.2169809e-01   4.1352198e-01   3.8490568e-01   3.4968555e-01   3.2138366e-01   2.7484274e-01   2.4308179e-01   2.3930809e-01   2.6069179e-01   2.8522011e-01   3.3176098e-01   3.4245283e-01   3.2924526e-01   3.1792451e-01   3.6132075e-01
   1.5503881e-01   1.5000000e-01   1.3798450e-01   1.3255812e-01   1.3023259e-01   1.2945738e-01   1.3294581e-01   1.3333334e-01   1.3798444e-01   1.3139540e-01   1.3604660e-01   1.3488369e-01   1.4922474e-01   1.6550393e-01   1.8100777e-01   2.1821714e-01   3.2054263e-01   4.0232556e-01   2.7480621e-01   5.9573651e-01
   1.7363185e-01   1.7238801e-01   1.7512439e-01   1.7885570e-01   1.8805972e-01   2.0199000e-01   2.1467661e-01   2.3532337e-01   2.5597012e-01   2.6243782e-01   2.7139303e-01   3.0049757e-01   3.3631846e-01   4.0024873e-01   4.5223884e-01   4.7338313e-01   4.2388058e-01   3.1492534e-01   3.1666672e-01   3.2164178e-01
   1.9969696e-01   1.8606064e-01   1.7939395e-01   1.8636371e-01   1.7666673e-01   1.8151515e-01   1.8151517e-01   1.8515151e-01   1.8909089e-01   2.0151522e-01   2.1515156e-01   2.2545455e-01   2.5393942e-01   2.8818185e-01   3.4636362e-01   4.3121216e-01   5.1272731e-01   5.8454547e-01   4.3181820e-01   3.3212120e-01
   1.6527775e-01   1.5729160e-01   1.6388888e-01   1.7100697e-01   1.7552085e-01   1.8975698e-01   1.9253473e-01   1.9201392e-01   1.9201387e-01   2.0555558e-01   2.2395836e-01   2.5138895e-01   2.7899304e-01   3.0399303e-01   3.5954859e-01   4.4982638e-01   5.6250001e-01   5.3055554e-01   2.9930556e-01   4.2013899e-02
   3.6865074e-01   3.5714283e-01   3.5000005e-01   3.3928567e-01   3.2182538e-01   3.0277774e-01   3.0277779e-01   3.0396833e-01   3.1785710e-01   3.1785726e-01   3.3888886e-01   3.5555562e-01   3.5515867e-01   3.6150790e-01   3.2301583e-01   2.9722231e-01   3.2857143e-01   3.5079367e-01   2.9166664e-01   4.6507938e-01
   1.6538464e-01   1.5982905e-01   1.5598288e-01   1.4957268e-01   1.4273510e-01   1.3547014e-01   1.2777772e-01   1.2820507e-01   1.2307690e-01   1.3034185e-01   1.3247862e-01   1.3589733e-01   1.4230764e-01   1.5427344e-01   1.8247864e-01   2.0641033e-01   2.6923077e-01   4.6239315e-01   6.0000003e-01   3.0170943e-01
   4.0454545e-01   4.2424241e-01   4.4469695e-01   4.2803027e-01   4.1969705e-01   4.3068189e-01   4.4204543e-01   4.0909091e-01   3.5340907e-01   3.0492430e-01   2.6060602e-01   2.5227268e-01   2.4924248e-01   2.5265150e-01   3.0227277e-01   3.5530298e-01   4.6212116e-01   5.1704543e-01   3.3409095e-01   7.6893934e-02
   3.5044451e-01   3.5022225e-01   3.5288884e-01   3.4511115e-01   3.2022220e-01   3.1533336e-01   3.1244441e-01   3.0222219e-01   2.7466669e-01   2.5999999e-01   2.5066675e-01   2.6533333e-01   2.8777776e-01   3.1844445e-01   3.8066669e-01   4.2488888e-01   3.8911112e-01   3.2177783e-01   3.7200003e-01   3.9311113e-01
   2.8728814e-01   2.6666666e-01   2.6666664e-01   2.6299432e-01   2.5310739e-01   2.4209041e-01   2.6666669e-01   2.8248583e-01   3.0423731e-01   3.1836159e-01   3.4717515e-01   3.9774014e-01   4.3559322e-01   4.6299429e-01   4.7485883e-01   4.6920903e-01   4.1158186e-01   3.5169492e-01   3.5112997e-01   4.0423725e-01
   1.7648143e-01   1.7000001e-01   1.5833333e-01   1.5407406e-01   1.6166669e-01   1.6574074e-01   1.7240741e-01   1.8074071e-01   1.8648145e-01   2.0370371e-01   2.1870370e-01   2.3351852e-01   2.4851851e-01   2.8037040e-01   3.3018521e-01   3.4351846e-01   3.0055554e-01   2.6092594e-01   2.2148149e-01   2.8277778e-01
   1.7790264e-01   1.7228465e-01   1.6910114e-01   1.7116098e-01   1.7790261e-01   1.7940078e-01   1.8333334e-01   1.9719096e-01   2.1104871e-01   2.2041199e-01   2.2621718e-01   2.3876400e-01   2.7397009e-01   3.1254678e-01   3.6104872e-01   4.4269663e-01   4.5898879e-01   4.3108619e-01   3.9925094e-01   1.9494379e-01
   2.1985506e-01   2.1913051e-01   2.1797097e-01   2.1956520e-01   2.2115943e-01   2.2173917e-01   2.4217387e-01   2.5449277e-01   2.6550732e-01   2.8623185e-01   3.0260870e-01   3.2057968e-01   3.5362318e-01   3.9724637e-01   4.6855072e-01   5.3579710e-01   4.9956526e-01   3.4333336e-01   1.4724637e-01   3.6666661e-02
   4.8866666e-01   4.7866678e-01   4.3900000e-01   4.0533326e-01   3.5533330e-01   3.0666666e-01   2.6233332e-01   2.3166672e-01   2.3133336e-01   2.3599994e-01   2.5233336e-01   2.7699996e-01   3.0533338e-01   3.4533334e-01   3.5299996e-01   3.7233336e-01   3.0200000e-01   2.7799994e-01   3.5633330e-01   2.9733337e-01
   2.6441443e-01   2.7139642e-01   2.7387393e-01   2.6463964e-01   2.5810807e-01   2.6576581e-01   2.6441446e-01   2.7364865e-01   2.7432427e-01   2.8986482e-01   3.0900903e-01   3.3896391e-01   3.5765768e-01   3.8941443e-01   4.2702701e-01   4.3018019e-01   4.0382880e-01   4.1306304e-01   4.5923419e-01   9.5720707e-02
   2.0821256e-01   1.9951688e-01   2.0724643e-01   2.1183574e-01   2.1062804e-01   2.1980677e-01   2.1666659e-01   2.2149765e-01   2.3985507e-01   2.6376814e-01   2.8792268e-01   3.2487923e-01   3.6400965e-01   4.1304346e-01   4.3285025e-01   3.8743961e-01   3.1159422e-01   2.7487917e-01   2.6135264e-01   6.1111100e-02
   1.8396618e-01   1.6835446e-01   1.6012658e-01   1.5780595e-01   1.6160337e-01   1.6856546e-01   1.6497889e-01   1.7805905e-01   1.8206753e-01   1.8734177e-01   2.0232065e-01   2.1329118e-01   2.4493668e-01   2.7552742e-01   3.3459919e-01   3.7784808e-01   3.6540085e-01   2.8059081e-01   4.1624465e-01   1.4261604e-01
   2.4880946e-01   2.3472218e-01   2.1369049e-01   2.0000001e-01   1.9384914e-01   1.8968254e-01   1.9662702e-01   2.0416668e-01   2.1111110e-01   2.2083330e-01   2.4404760e-01   2.6170633e-01   2.8075395e-01   3.0634917e-01   3.5436508e-01   4.2202380e-01   4.9384918e-01   4.0099205e-01   1.6230162e-01   3.9484129e-02
   3.1349210e-01   3.0753974e-01   3.0238098e-01   3.1428579e-01   3.2301588e-01   3.4642857e-01   3.7698412e-01   3.9523812e-01   4.0952381e-01   4.3690476e-01   4.4047624e-01   4.0873012e-01   3.9642860e-01   3.8571429e-01   4.0476193e-01   4.4126988e-01   4.8055562e-01   5.6785721e-01   4.1150790e-01   1.0039685e-01
   2.1041666e-01   2.1101191e-01   2.1874996e-01   2.2976191e-01   2.4017857e-01   2.4732141e-01   2.7321434e-01   3.0684523e-01   3.2678573e-01   3.4077382e-01   3.4374995e-01   3.4732143e-01   3.2321429e-01   3.0238091e-01   2.7261902e-01   2.8839286e-01   3.5625000e-01   4.7976196e-01   4.4523811e-01   1.2291663e-01
   1.7264151e-01   1.8427675e-01   2.0817611e-01   2.3459121e-01   2.6949683e-01   2.8522006e-01   3.2201253e-01   3.5345913e-01   3.7578617e-01   3.7735847e-01   3.7735853e-01   3.7452830e-01   3.5754719e-01   3.7012577e-01   3.5503145e-01   3.2169812e-01   2.5817613e-01   1.3899373e-01   5.1886792e-02   2.5157236e-02
   1.7957742e-01   1.7394366e-01   1.6830987e-01   1.6408452e-01   1.6807506e-01   1.8262913e-01   1.8427234e-01   1.9413146e-01   2.0281693e-01   2.1830989e-01   2.3286385e-01   2.3262910e-01   2.4131454e-01   2.5586849e-01   2.6737086e-01   2.8403756e-01   3.5000001e-01   4.2816897e-01   3.9906104e-01   3.3755869e-01
   1.9615387e-01   1.9423074e-01   1.9658119e-01   1.9957263e-01   2.0512822e-01   2.2136758e-01   2.3739315e-01   2.6303415e-01   2.9081199e-01   3.0726492e-01   3.2735042e-01   3.3824791e-01   3.4529917e-01   3.5299153e-01   3.7863241e-01   4.4850424e-01   5.3055549e-01   5.3226494e-01   3.3846151e-01   1.5470086e-01
   2.8172039e-01   2.9086026e-01   2.9677419e-01   3.0430106e-01   3.1451616e-01   3.4193552e-01   3.5483868e-01   3.7849465e-01   4.1021500e-01   4.3924735e-01   4.1881719e-01   4.0591403e-01   3.6827955e-01   3.7526874e-01   3.8655923e-01   4.7096777e-01   5.1344087e-01   4.1612900e-01   3.7849458e-01   4.1129035e-01
   3.0134415e-01   2.5967745e-01   2.3413981e-01   2.1451613e-01   1.9677419e-01   1.9139781e-01   1.7688173e-01   1.8682790e-01   1.9381721e-01   1.9999995e-01   2.0080647e-01   2.1263447e-01   2.2715052e-01   2.7096776e-01   3.1532258e-01   4.0887097e-01   4.5268816e-01   3.9758058e-01   2.7795700e-01   3.3252685e-01
   2.1352202e-01   2.1572328e-01   2.2704402e-01   2.4779872e-01   2.6823900e-01   2.7547170e-01   2.9968549e-01   3.3364783e-01   3.6257862e-01   3.9716983e-01   4.5723268e-01   4.8176102e-01   4.7924526e-01   4.8270438e-01   4.5157240e-01   3.7106921e-01   2.9056602e-01   2.1037737e-01   1.0849060e-01   2.7044045e-02
   3.3444443e-01   3.2711109e-01   3.2088892e-01   3.2133336e-01   3.0488887e-01   2.8977780e-01   2.6711112e-01   2.4733336e-01   2.4088893e-01   2.3555553e-01   2.2933339e-01   2.3333331e-01   2.4133331e-01   2.7266668e-01   3.0000001e-01   3.3466664e-01   3.4200004e-01   2.9400001e-01   2.3644447e-01   4.0733331e-01
   1.8650142e-01   1.6914602e-01   1.6432507e-01   1.6831961e-01   1.7121212e-01   1.7341600e-01   1.7988979e-01   1.8787879e-01   1.9848485e-01   2.0991733e-01   2.1969695e-01   2.3099174e-01   2.5895322e-01   2.8760329e-01   3.4256197e-01   4.0909088e-01   4.3071626e-01   3.4572999e-01   2.8223144e-01   4.0964186e-01
