1286 536 537 538 
1287 532 533 534 535 536 537 538 539 540 541 542 
1288 530 531 532 533 534 535 536 537 538 539 540 541 542 543 544 
1289 528 529 530 531 532 533 534 535 536 537 538 539 540 541 542 543 544 545 
1290 527 528 529 530 531 532 533 534 535 536 537 538 539 540 541 542 543 544 545 546 
1291 526 527 528 529 530 531 532 533 534 535 536 537 538 539 540 541 542 543 544 545 546 547 548 
1292 524 525 526 527 528 529 530 531 532 533 534 535 536 537 538 539 540 541 542 543 544 545 546 547 548 549 
1293 523 524 525 526 527 528 529 530 531 532 533 534 535 536 537 538 539 540 541 542 543 544 545 546 547 548 549 550 
1294 523 524 525 526 527 528 529 530 531 532 533 534 535 536 537 538 539 540 541 542 543 544 545 546 547 548 549 550 551 
1295 522 523 524 525 526 527 528 529 530 531 532 533 534 535 536 537 538 539 540 541 542 543 544 545 546 547 548 549 550 551 552 
1296 521 522 523 524 525 526 527 528 529 530 531 532 533 534 535 536 537 538 539 540 541 542 543 544 545 546 547 548 549 550 551 552 553 
1297 521 522 523 524 525 526 527 528 529 530 531 532 533 534 535 536 537 538 539 540 541 542 543 544 545 546 547 548 549 550 551 552 553 
1298 520 521 522 523 524 525 526 527 528 529 530 531 532 533 534 535 536 537 538 539 540 541 542 543 544 545 546 547 548 549 550 551 552 553 554 
1299 520 521 522 523 524 525 526 527 528 529 530 531 532 533 534 535 536 537 538 539 540 541 542 543 544 545 546 547 548 549 550 551 552 553 554 555 
1300 520 521 522 523 524 525 526 527 528 529 530 531 532 533 534 535 536 537 538 539 540 541 542 543 544 545 546 547 548 549 550 551 552 553 554 555 556 
1301 519 520 521 522 523 524 525 526 527 528 529 530 531 532 533 534 535 536 537 538 539 540 541 542 543 544 545 546 547 548 549 550 551 552 553 554 555 556 557 
1302 519 520 521 522 523 524 525 526 527 528 529 530 531 532 533 534 535 536 537 538 539 540 541 542 543 544 545 546 547 548 549 550 551 552 553 554 555 556 557 
1303 519 520 521 522 523 524 525 526 527 528 529 530 531 532 533 534 535 536 537 538 539 540 541 542 543 544 545 546 547 548 549 550 551 552 553 554 555 556 557 558 
1304 520 521 522 523 524 525 526 527 528 529 530 531 532 533 534 535 536 537 538 539 540 541 542 543 544 545 546 547 548 549 550 551 552 553 554 555 556 557 558 559 
1305 520 521 522 523 524 525 526 527 528 529 530 531 532 533 534 535 536 537 538 539 540 541 542 543 544 545 546 547 548 549 550 551 552 553 554 555 556 557 558 559 560 
1306 521 522 523 524 525 526 527 528 529 530 531 532 533 534 535 536 537 538 539 540 541 542 543 544 545 546 547 548 549 550 551 552 553 554 555 556 557 558 559 560 
1307 522 523 524 525 526 527 528 529 530 531 532 533 534 535 536 537 538 539 540 541 542 543 544 545 546 547 548 549 550 551 552 553 554 555 556 557 558 559 560 561 
1308 523 524 525 526 527 528 529 530 531 532 533 534 535 536 537 538 539 540 541 542 543 544 545 546 547 548 549 550 551 552 553 554 555 556 557 558 559 560 561 562 
1309 524 525 526 527 528 529 530 531 532 533 534 535 536 537 538 539 540 541 542 543 544 545 546 547 548 549 550 551 552 553 554 555 556 557 558 559 560 561 562 563 
1310 525 526 527 528 529 530 531 532 533 534 535 536 537 538 539 540 541 542 543 544 545 546 547 548 549 550 551 552 553 554 555 556 557 558 559 560 561 562 563 564 
1311 527 528 529 530 531 532 533 534 535 536 537 538 539 540 541 542 543 544 545 546 547 548 549 550 551 552 553 554 555 556 557 558 559 560 561 562 563 564 
1312 529 530 531 532 533 534 535 536 537 538 539 540 541 542 543 544 545 546 547 548 549 550 551 552 553 554 555 556 557 558 559 560 561 562 563 564 565 
1313 531 532 533 534 535 536 537 538 539 540 541 542 543 544 545 546 547 548 549 550 551 552 553 554 555 556 557 558 559 560 561 562 563 564 565 566 
1314 533 534 535 536 537 538 539 540 541 542 543 544 545 546 547 548 549 550 551 552 553 554 555 556 557 558 559 560 561 562 563 564 565 566 567 
1315 535 536 537 538 539 540 541 542 543 544 545 546 547 548 549 550 551 552 553 554 555 556 557 558 559 560 561 562 563 564 565 566 567 568 
1316 537 538 539 540 541 542 543 544 545 546 547 548 549 550 551 552 553 554 555 556 557 558 559 560 561 562 563 564 565 566 567 568 
1317 539 540 541 542 543 544 545 546 547 548 549 550 551 552 553 554 555 556 557 558 559 560 561 562 563 564 565 566 567 568 569 
1318 541 542 543 544 545 546 547 548 549 550 551 552 553 554 555 556 557 558 559 560 561 562 563 564 565 566 567 568 569 570 
1319 543 544 545 546 547 548 549 550 551 552 553 554 555 556 557 558 559 560 561 562 563 564 565 566 567 568 569 570 571 
1320 545 546 547 548 549 550 551 552 553 554 555 556 557 558 559 560 561 562 563 564 565 566 567 568 569 570 571 572 
1321 547 548 549 550 551 552 553 554 555 556 557 558 559 560 561 562 563 564 565 566 567 568 569 570 571 572 573 
1322 548 549 550 551 552 553 554 555 556 557 558 559 560 561 562 563 564 565 566 567 568 569 570 571 572 573 
1323 550 551 552 553 554 555 556 557 558 559 560 561 562 563 564 565 566 567 568 569 570 571 572 573 574 
1324 552 553 554 555 556 557 558 559 560 561 562 563 564 565 566 567 568 569 570 571 572 573 574 575 
1325 554 555 556 557 558 559 560 561 562 563 564 565 566 567 568 569 570 571 572 573 574 575 576 
1326 555 556 557 558 559 560 561 562 563 564 565 566 567 568 569 570 571 572 573 574 575 576 577 
1327 557 558 559 560 561 562 563 564 565 566 567 568 569 570 571 572 573 574 575 576 577 578 
1328 558 559 560 561 562 563 564 565 566 567 568 569 570 571 572 573 574 575 576 577 578 579 
1329 559 560 561 562 563 564 565 566 567 568 569 570 571 572 573 574 575 576 577 578 579 580 
1330 561 562 563 564 565 566 567 568 569 570 571 572 573 574 575 576 577 578 579 580 
1331 562 563 564 565 566 567 568 569 570 571 572 573 574 575 576 577 578 579 580 581 
1332 563 564 565 566 567 568 569 570 571 572 573 574 575 576 577 578 579 580 581 582 
1333 565 566 567 568 569 570 571 572 573 574 575 576 577 578 579 580 581 582 583 
1334 566 567 568 569 570 571 572 573 574 575 576 577 578 579 580 581 582 583 584 
1335 567 568 569 570 571 572 573 574 575 576 577 578 579 580 581 582 583 584 585 
1336 568 569 570 571 572 573 574 575 576 577 578 579 580 581 582 583 584 585 586 
1337 570 571 572 573 574 575 576 577 578 579 580 581 582 583 584 585 586 587 
1338 571 572 573 574 575 576 577 578 579 580 581 582 583 584 585 586 587 588 
1339 572 573 574 575 576 577 578 579 580 581 582 583 584 585 586 587 588 589 
1340 573 574 575 576 577 578 579 580 581 582 583 584 585 586 587 588 589 590 
1341 574 575 576 577 578 579 580 581 582 583 584 585 586 587 588 589 590 591 
1342 575 576 577 578 579 580 581 582 583 584 585 586 587 588 589 590 591 592 
1343 576 577 578 579 580 581 582 583 584 585 586 587 588 589 590 591 592 593 
1344 577 578 579 580 581 582 583 584 585 586 587 588 589 590 591 592 593 594 
1345 578 579 580 581 582 583 584 585 586 587 588 589 590 591 592 593 594 595 
1346 580 581 582 583 584 585 586 587 588 589 590 591 592 593 594 595 596 
1347 581 582 583 584 585 586 587 588 589 590 591 592 593 594 595 596 597 598 
1348 582 583 584 585 586 587 588 589 590 591 592 593 594 595 596 597 598 599 
1349 583 584 585 586 587 588 589 590 591 592 593 594 595 596 597 598 599 600 
1350 584 585 586 587 588 589 590 591 592 593 594 595 596 597 598 599 600 601 
1351 585 586 587 588 589 590 591 592 593 594 595 596 597 598 599 600 601 602 
1352 586 587 588 589 590 591 592 593 594 595 596 597 598 599 600 601 602 603 
1353 587 588 589 590 591 592 593 594 595 596 597 598 599 600 601 602 603 604 
1354 588 589 590 591 592 593 594 595 596 597 598 599 600 601 602 603 604 605 
1355 589 590 591 592 593 594 595 596 597 598 599 600 601 602 603 604 605 606 
1356 590 591 592 593 594 595 596 597 598 599 600 601 602 603 604 605 606 607 
1357 591 592 593 594 595 596 597 598 599 600 601 602 603 604 605 606 607 608 
1358 592 593 594 595 596 597 598 599 600 601 602 603 604 605 606 607 608 609 
1359 593 594 595 596 597 598 599 600 601 602 603 604 605 606 607 608 609 610 
1360 594 595 596 597 598 599 600 601 602 603 604 605 606 607 608 609 610 611 
1361 595 596 597 598 599 600 601 602 603 604 605 606 607 608 609 610 611 612 
1362 596 597 598 599 600 601 602 603 604 605 606 607 608 609 610 611 612 613 614 
1363 598 599 600 601 602 603 604 605 606 607 608 609 610 611 612 613 614 615 
1364 599 600 601 602 603 604 605 606 607 608 609 610 611 612 613 614 615 616 
1365 600 601 602 603 604 605 606 607 608 609 610 611 612 613 614 615 616 617 
1366 601 602 603 604 605 606 607 608 609 610 611 612 613 614 615 616 617 618 
1367 602 603 604 605 606 607 608 609 610 611 612 613 614 615 616 617 618 619 
1368 603 604 605 606 607 608 609 610 611 612 613 614 615 616 617 618 619 620 
1369 604 605 606 607 608 609 610 611 612 613 614 615 616 617 618 619 620 621 
1370 605 606 607 608 609 610 611 612 613 614 615 616 617 618 619 620 621 622 
1371 606 607 608 609 610 611 612 613 614 615 616 617 618 619 620 621 622 623 
1372 607 608 609 610 611 612 613 614 615 616 617 618 619 620 621 622 623 624 
1373 608 609 610 611 612 613 614 615 616 617 618 619 620 621 622 623 624 625 
1374 609 610 611 612 613 614 615 616 617 618 619 620 621 622 623 624 625 626 
1375 610 611 612 613 614 615 616 617 618 619 620 621 622 623 624 625 626 627 
1376 611 612 613 614 615 616 617 618 619 620 621 622 623 624 625 626 627 628 
1377 612 613 614 615 616 617 618 619 620 621 622 623 624 625 626 627 628 629 
1378 613 614 615 616 617 618 619 620 621 622 623 624 625 626 627 628 629 630 
1379 614 615 616 617 618 619 620 621 622 623 624 625 626 627 628 629 630 631 
1380 615 616 617 618 619 620 621 622 623 624 625 626 627 628 629 630 631 632 
1381 617 618 619 620 621 622 623 624 625 626 627 628 629 630 631 632 633 
1382 618 619 620 621 622 623 624 625 626 627 628 629 630 631 632 633 634 
1383 619 620 621 622 623 624 625 626 627 628 629 630 631 632 633 634 635 
1384 620 621 622 623 624 625 626 627 628 629 630 631 632 633 634 635 636 
1385 621 622 623 624 625 626 627 628 629 630 631 632 633 634 635 636 637 
1386 622 623 624 625 626 627 628 629 630 631 632 633 634 635 636 637 638 
1387 623 624 625 626 627 628 629 630 631 632 633 634 635 636 637 638 639 
1388 624 625 626 627 628 629 630 631 632 633 634 635 636 637 638 639 640 
1389 625 626 627 628 629 630 631 632 633 634 635 636 637 638 639 640 641 
1390 626 627 628 629 630 631 632 633 634 635 636 637 638 639 640 641 642 
1391 628 629 630 631 632 633 634 635 636 637 638 639 640 641 642 643 
1392 629 630 631 632 633 634 635 636 637 638 639 640 641 642 643 644 
1393 630 631 632 633 634 635 636 637 638 639 640 641 642 643 644 645 
1394 631 632 633 634 635 636 637 638 639 640 641 642 643 644 645 646 
1395 632 633 634 635 636 637 638 639 640 641 642 643 644 645 646 647 
1396 633 634 635 636 637 638 639 640 641 642 643 644 645 646 647 648 
1397 634 635 636 637 638 639 640 641 642 643 644 645 646 647 648 649 650 
1398 635 636 637 638 639 640 641 642 643 644 645 646 647 648 649 650 651 
1399 636 637 638 639 640 641 642 643 644 645 646 647 648 649 650 651 652 
1400 637 638 639 640 641 642 643 644 645 646 647 648 649 650 651 652 653 
1401 639 640 641 642 643 644 645 646 647 648 649 650 651 652 653 654 
1402 640 641 642 643 644 645 646 647 648 649 650 651 652 653 654 655 
1403 641 642 643 644 645 646 647 648 649 650 651 652 653 654 655 656 
1404 642 643 644 645 646 647 648 649 650 651 652 653 654 655 656 657 
1405 643 644 645 646 647 648 649 650 651 652 653 654 655 656 657 658 
1406 644 645 646 647 648 649 650 651 652 653 654 655 656 657 658 659 
1407 645 646 647 648 649 650 651 652 653 654 655 656 657 658 659 660 
1408 646 647 648 649 650 651 652 653 654 655 656 657 658 659 660 661 662 
1409 647 648 649 650 651 652 653 654 655 656 657 658 659 660 661 662 663 
1410 648 649 650 651 652 653 654 655 656 657 658 659 660 661 662 663 664 
1411 649 650 651 652 653 654 655 656 657 658 659 660 661 662 663 664 665 
1412 651 652 653 654 655 656 657 658 659 660 661 662 663 664 665 666 
1413 652 653 654 655 656 657 658 659 660 661 662 663 664 665 666 667 
1414 653 654 655 656 657 658 659 660 661 662 663 664 665 666 667 668 
1415 654 655 656 657 658 659 660 661 662 663 664 665 666 667 668 669 
1416 655 656 657 658 659 660 661 662 663 664 665 666 667 668 669 670 
1417 656 657 658 659 660 661 662 663 664 665 666 667 668 669 670 671 
1418 657 658 659 660 661 662 663 664 665 666 667 668 669 670 671 672 673 
1419 658 659 660 661 662 663 664 665 666 667 668 669 670 671 672 673 674 
1420 659 660 661 662 663 664 665 666 667 668 669 670 671 672 673 674 675 
1421 660 661 662 663 664 665 666 667 668 669 670 671 672 673 674 675 676 
1422 661 662 663 664 665 666 667 668 669 670 671 672 673 674 675 676 677 
1423 663 664 665 666 667 668 669 670 671 672 673 674 675 676 677 678 
1424 664 665 666 667 668 669 670 671 672 673 674 675 676 677 678 679 
1425 665 666 667 668 669 670 671 672 673 674 675 676 677 678 679 680 
1426 666 667 668 669 670 671 672 673 674 675 676 677 678 679 680 681 
1427 667 668 669 670 671 672 673 674 675 676 677 678 679 680 681 682 
1428 668 669 670 671 672 673 674 675 676 677 678 679 680 681 682 683 684 
1429 669 670 671 672 673 674 675 676 677 678 679 680 681 682 683 684 685 
1430 670 671 672 673 674 675 676 677 678 679 680 681 682 683 684 685 686 
1431 671 672 673 674 675 676 677 678 679 680 681 682 683 684 685 686 687 
1432 673 674 675 676 677 678 679 680 681 682 683 684 685 686 687 688 
1433 674 675 676 677 678 679 680 681 682 683 684 685 686 687 688 689 
1434 675 676 677 678 679 680 681 682 683 684 685 686 687 688 689 690 
1435 676 677 678 679 680 681 682 683 684 685 686 687 688 689 690 691 
1436 677 678 679 680 681 682 683 684 685 686 687 688 689 690 691 692 
1437 678 679 680 681 682 683 684 685 686 687 688 689 690 691 692 693 694 
1438 679 680 681 682 683 684 685 686 687 688 689 690 691 692 693 694 695 
1439 680 681 682 683 684 685 686 687 688 689 690 691 692 693 694 695 696 
1440 682 683 684 685 686 687 688 689 690 691 692 693 694 695 696 697 
1441 683 684 685 686 687 688 689 690 691 692 693 694 695 696 697 698 
1442 684 685 686 687 688 689 690 691 692 693 694 695 696 697 698 699 
1443 685 686 687 688 689 690 691 692 693 694 695 696 697 698 699 700 
1444 686 687 688 689 690 691 692 693 694 695 696 697 698 699 700 701 
1445 687 688 689 690 691 692 693 694 695 696 697 698 699 700 701 702 
1446 688 689 690 691 692 693 694 695 696 697 698 699 700 701 702 703 704 
1447 690 691 692 693 694 695 696 697 698 699 700 701 702 703 704 705 
1448 691 692 693 694 695 696 697 698 699 700 701 702 703 704 705 706 
1449 692 693 694 695 696 697 698 699 700 701 702 703 704 705 706 707 
1450 693 694 695 696 697 698 699 700 701 702 703 704 705 706 707 708 
1451 694 695 696 697 698 699 700 701 702 703 704 705 706 707 708 709 
1452 695 696 697 698 699 700 701 702 703 704 705 706 707 708 709 710 
1453 696 697 698 699 700 701 702 703 704 705 706 707 708 709 710 711 712 
1454 698 699 700 701 702 703 704 705 706 707 708 709 710 711 712 713 
1455 699 700 701 702 703 704 705 706 707 708 709 710 711 712 713 714 
1456 700 701 702 703 704 705 706 707 708 709 710 711 712 713 714 715 
1457 701 702 703 704 705 706 707 708 709 710 711 712 713 714 715 716 
1458 702 703 704 705 706 707 708 709 710 711 712 713 714 715 716 717 
1459 704 705 706 707 708 709 710 711 712 713 714 715 716 717 718 
1460 705 706 707 708 709 710 711 712 713 714 715 716 717 718 719 720 
1461 706 707 708 709 710 711 712 713 714 715 716 717 718 719 720 721 
1462 707 708 709 710 711 712 713 714 715 716 717 718 719 720 721 722 
1463 708 709 710 711 712 713 714 715 716 717 718 719 720 721 722 723 
1464 709 710 711 712 713 714 715 716 717 718 719 720 721 722 723 724 
1465 711 712 713 714 715 716 717 718 719 720 721 722 723 724 725 726 
1466 712 713 714 715 716 717 718 719 720 721 722 723 724 725 726 727 
1467 713 714 715 716 717 718 719 720 721 722 723 724 725 726 727 728 
1468 714 715 716 717 718 719 720 721 722 723 724 725 726 727 728 729 
1469 715 716 717 718 719 720 721 722 723 724 725 726 727 728 729 730 
1470 716 717 718 719 720 721 722 723 724 725 726 727 728 729 730 731 
1471 717 718 719 720 721 722 723 724 725 726 727 728 729 730 731 732 733 
1472 719 720 721 722 723 724 725 726 727 728 729 730 731 732 733 734 
1473 720 721 722 723 724 725 726 727 728 729 730 731 732 733 734 735 
1474 721 722 723 724 725 726 727 728 729 730 731 732 733 734 735 736 
1475 722 723 724 725 726 727 728 729 730 731 732 733 734 735 736 737 
1476 723 724 725 726 727 728 729 730 731 732 733 734 735 736 737 738 739 
1477 724 725 726 727 728 729 730 731 732 733 734 735 736 737 738 739 740 
1478 725 726 727 728 729 730 731 732 733 734 735 736 737 738 739 740 741 
1479 726 727 728 729 730 731 732 733 734 735 736 737 738 739 740 741 742 
1480 728 729 730 731 732 733 734 735 736 737 738 739 740 741 742 743 744 
1481 729 730 731 732 733 734 735 736 737 738 739 740 741 742 743 744 745 
1482 730 731 732 733 734 735 736 737 738 739 740 741 742 743 744 745 746 
1483 731 732 733 734 735 736 737 738 739 740 741 742 743 744 745 746 747 
1484 732 733 734 735 736 737 738 739 740 741 742 743 744 745 746 747 748 
1485 733 734 735 736 737 738 739 740 741 742 743 744 745 746 747 748 749 750 
1486 734 735 736 737 738 739 740 741 742 743 744 745 746 747 748 749 750 751 
1487 735 736 737 738 739 740 741 742 743 744 745 746 747 748 749 750 751 752 
1488 736 737 738 739 740 741 742 743 744 745 746 747 748 749 750 751 752 753 
1489 737 738 739 740 741 742 743 744 745 746 747 748 749 750 751 752 753 754 755 
1490 738 739 740 741 742 743 744 745 746 747 748 749 750 751 752 753 754 755 756 
1491 739 740 741 742 743 744 745 746 747 748 749 750 751 752 753 754 755 756 757 
1492 740 741 742 743 744 745 746 747 748 749 750 751 752 753 754 755 756 757 758 
1493 741 742 743 744 745 746 747 748 749 750 751 752 753 754 755 756 757 758 759 760 
1494 742 743 744 745 746 747 748 749 750 751 752 753 754 755 756 757 758 759 760 761 
1495 743 744 745 746 747 748 749 750 751 752 753 754 755 756 757 758 759 760 761 762 
1496 744 745 746 747 748 749 750 751 752 753 754 755 756 757 758 759 760 761 762 763 
1497 745 746 747 748 749 750 751 752 753 754 755 756 757 758 759 760 761 762 763 764 
1498 746 747 748 749 750 751 752 753 754 755 756 757 758 759 760 761 762 763 764 765 766 
1499 746 747 748 749 750 751 752 753 754 755 756 757 758 759 760 761 762 763 764 765 766 767 
1500 747 748 749 750 751 752 753 754 755 756 757 758 759 760 761 762 763 764 765 766 767 768 
1501 748 749 750 751 752 753 754 755 756 757 758 759 760 761 762 763 764 765 766 767 768 769 
1502 749 750 751 752 753 754 755 756 757 758 759 760 761 762 763 764 765 766 767 768 769 770 
1503 750 751 752 753 754 755 756 757 758 759 760 761 762 763 764 765 766 767 768 769 770 771 
1504 751 752 753 754 755 756 757 758 759 760 761 762 763 764 765 766 767 768 769 770 771 772 773 
1505 752 753 754 755 756 757 758 759 760 761 762 763 764 765 766 767 768 769 770 771 772 773 774 
1506 752 753 754 755 756 757 758 759 760 761 762 763 764 765 766 767 768 769 770 771 772 773 774 775 
1507 753 754 755 756 757 758 759 760 761 762 763 764 765 766 767 768 769 770 771 772 773 774 775 776 777 
1508 754 755 756 757 758 759 760 761 762 763 764 765 766 767 768 769 770 771 772 773 774 775 776 777 778 
1509 755 756 757 758 759 760 761 762 763 764 765 766 767 768 769 770 771 772 773 774 775 776 777 778 779 780 
1510 756 757 758 759 760 761 762 763 764 765 766 767 768 769 770 771 772 773 774 775 776 777 778 779 780 781 
1511 757 758 759 760 761 762 763 764 765 766 767 768 769 770 771 772 773 774 775 776 777 778 779 780 781 782 783 
1512 758 759 760 761 762 763 764 765 766 767 768 769 770 771 772 773 774 775 776 777 778 779 780 781 782 783 784 
1513 759 760 761 762 763 764 765 766 767 768 769 770 771 772 773 774 775 776 777 778 779 780 781 782 783 784 785 786 
1514 760 761 762 763 764 765 766 767 768 769 770 771 772 773 774 775 776 777 778 779 780 781 782 783 784 785 786 787 788 
1515 761 762 763 764 765 766 767 768 769 770 771 772 773 774 775 776 777 778 779 780 781 782 783 784 785 786 787 788 789 790 
1516 762 763 764 765 766 767 768 769 770 771 772 773 774 775 776 777 778 779 780 781 782 783 784 785 786 787 788 789 790 791 792 
1517 763 764 765 766 767 768 769 770 771 772 773 774 775 776 777 778 779 780 781 782 783 784 785 786 787 788 789 790 791 792 793 794 
1518 763 764 765 766 767 768 769 770 771 772 773 774 775 776 777 778 779 780 781 782 783 784 785 786 787 788 789 790 791 792 793 794 795 796 
1519 764 765 766 767 768 769 770 771 772 773 774 775 776 777 778 779 780 781 782 783 784 785 786 787 788 789 790 791 792 793 794 795 796 797 
1520 765 766 767 768 769 770 771 772 773 774 775 776 777 778 779 780 781 782 783 784 785 786 787 788 789 790 791 792 793 794 795 796 797 798 799 
1521 766 767 768 769 770 771 772 773 774 775 776 777 778 779 780 781 782 783 784 785 786 787 788 789 790 791 792 793 794 795 796 797 798 799 800 801 
1522 766 767 768 769 770 771 772 773 774 775 776 777 778 779 780 781 782 783 784 785 786 787 788 789 790 791 792 793 794 795 796 797 798 799 800 801 802 
1523 767 768 769 770 771 772 773 774 775 776 777 778 779 780 781 782 783 784 785 786 787 788 789 790 791 792 793 794 795 796 797 798 799 800 801 802 803 804 
1524 768 769 770 771 772 773 774 775 776 777 778 779 780 781 782 783 784 785 786 787 788 789 790 791 792 793 794 795 796 797 798 799 800 801 802 803 804 805 
1525 768 769 770 771 772 773 774 775 776 777 778 779 780 781 782 783 784 785 786 787 788 789 790 791 792 793 794 795 796 797 798 799 800 801 802 803 804 805 806 
1526 769 770 771 772 773 774 775 776 777 778 779 780 781 782 783 784 785 786 787 788 789 790 791 792 793 794 795 796 797 798 799 800 801 802 803 804 805 806 807 808 
1527 769 770 771 772 773 774 775 776 777 778 779 780 781 782 783 784 785 786 787 788 789 790 791 792 793 794 795 796 797 798 799 800 801 802 803 804 805 806 807 808 809 
1528 770 771 772 773 774 775 776 777 778 779 780 781 782 783 784 785 786 787 788 789 790 791 792 793 794 795 796 797 798 799 800 801 802 803 804 805 806 807 808 809 
1529 770 771 772 773 774 775 776 777 778 779 780 781 782 783 784 785 786 787 788 789 790 791 792 793 794 795 796 797 798 799 800 801 802 803 804 805 806 807 808 809 810 
1530 771 772 773 774 775 776 777 778 779 780 781 782 783 784 785 786 787 788 789 790 791 792 793 794 795 796 797 798 799 800 801 802 803 804 805 806 807 808 809 810 811 
1531 771 772 773 774 775 776 777 778 779 780 781 782 783 784 785 786 787 788 789 790 791 792 793 794 795 796 797 798 799 800 801 802 803 804 805 806 807 808 809 810 811 
1532 772 773 774 775 776 777 778 779 780 781 782 783 784 785 786 787 788 789 790 791 792 793 794 795 796 797 798 799 800 801 802 803 804 805 806 807 808 809 810 811 812 
1533 772 773 774 775 776 777 778 779 780 781 782 783 784 785 786 787 788 789 790 791 792 793 794 795 796 797 798 799 800 801 802 803 804 805 806 807 808 809 810 811 812 
1534 772 773 774 775 776 777 778 779 780 781 782 783 784 785 786 787 788 789 790 791 792 793 794 795 796 797 798 799 800 801 802 803 804 805 806 807 808 809 810 811 812 813 
1535 773 774 775 776 777 778 779 780 781 782 783 784 785 786 787 788 789 790 791 792 793 794 795 796 797 798 799 800 801 802 803 804 805 806 807 808 809 810 811 812 813 
1536 773 774 775 776 777 778 779 780 781 782 783 784 785 786 787 788 789 790 791 792 793 794 795 796 797 798 799 800 801 802 803 804 805 806 807 808 809 810 811 812 813 814 
1537 773 774 775 776 777 778 779 780 781 782 783 784 785 786 787 788 789 790 791 792 793 794 795 796 797 798 799 800 801 802 803 804 805 806 807 808 809 810 811 812 813 814 
1538 774 775 776 777 778 779 780 781 782 783 784 785 786 787 788 789 790 791 792 793 794 795 796 797 798 799 800 801 802 803 804 805 806 807 808 809 810 811 812 813 814 
1539 774 775 776 777 778 779 780 781 782 783 784 785 786 787 788 789 790 791 792 793 794 795 796 797 798 799 800 801 802 803 804 805 806 807 808 809 810 811 812 813 814 815 
1540 775 776 777 778 779 780 781 782 783 784 785 786 787 788 789 790 791 792 793 794 795 796 797 798 799 800 801 802 803 804 805 806 807 808 809 810 811 812 813 814 815 
1541 775 776 777 778 779 780 781 782 783 784 785 786 787 788 789 790 791 792 793 794 795 796 797 798 799 800 801 802 803 804 805 806 807 808 809 810 811 812 813 814 815 
1542 775 776 777 778 779 780 781 782 783 784 785 786 787 788 789 790 791 792 793 794 795 796 797 798 799 800 801 802 803 804 805 806 807 808 809 810 811 812 813 814 815 816 
1543 776 777 778 779 780 781 782 783 784 785 786 787 788 789 790 791 792 793 794 795 796 797 798 799 800 801 802 803 804 805 806 807 808 809 810 811 812 813 814 815 816 
1544 776 777 778 779 780 781 782 783 784 785 786 787 788 789 790 791 792 793 794 795 796 797 798 799 800 801 802 803 804 805 806 807 808 809 810 811 812 813 814 815 816 
1545 776 777 778 779 780 781 782 783 784 785 786 787 788 789 790 791 792 793 794 795 796 797 798 799 800 801 802 803 804 805 806 807 808 809 810 811 812 813 814 815 816 
1546 777 778 779 780 781 782 783 784 785 786 787 788 789 790 791 792 793 794 795 796 797 798 799 800 801 802 803 804 805 806 807 808 809 810 811 812 813 814 815 816 817 
1547 777 778 779 780 781 782 783 784 785 786 787 788 789 790 791 792 793 794 795 796 797 798 799 800 801 802 803 804 805 806 807 808 809 810 811 812 813 814 815 816 817 
1548 778 779 780 781 782 783 784 785 786 787 788 789 790 791 792 793 794 795 796 797 798 799 800 801 802 803 804 805 806 807 808 809 810 811 812 813 814 815 816 817 
1549 778 779 780 781 782 783 784 785 786 787 788 789 790 791 792 793 794 795 796 797 798 799 800 801 802 803 804 805 806 807 808 809 810 811 812 813 814 815 816 817 
1550 778 779 780 781 782 783 784 785 786 787 788 789 790 791 792 793 794 795 796 797 798 799 800 801 802 803 804 805 806 807 808 809 810 811 812 813 814 815 816 817 818 
1551 779 780 781 782 783 784 785 786 787 788 789 790 791 792 793 794 795 796 797 798 799 800 801 802 803 804 805 806 807 808 809 810 811 812 813 814 815 816 817 818 
1552 780 781 782 783 784 785 786 787 788 789 790 791 792 793 794 795 796 797 798 799 800 801 802 803 804 805 806 807 808 809 810 811 812 813 814 815 816 817 818 
1553 780 781 782 783 784 785 786 787 788 789 790 791 792 793 794 795 796 797 798 799 800 801 802 803 804 805 806 807 808 809 810 811 812 813 814 815 816 817 818 
1554 781 782 783 784 785 786 787 788 789 790 791 792 793 794 795 796 797 798 799 800 801 802 803 804 805 806 807 808 809 810 811 812 813 814 815 816 817 818 819 
1555 782 783 784 785 786 787 788 789 790 791 792 793 794 795 796 797 798 799 800 801 802 803 804 805 806 807 808 809 810 811 812 813 814 815 816 817 818 819 
1556 783 784 785 786 787 788 789 790 791 792 793 794 795 796 797 798 799 800 801 802 803 804 805 806 807 808 809 810 811 812 813 814 815 816 817 818 819 
1557 783 784 785 786 787 788 789 790 791 792 793 794 795 796 797 798 799 800 801 802 803 804 805 806 807 808 809 810 811 812 813 814 815 816 817 818 819 
1558 784 785 786 787 788 789 790 791 792 793 794 795 796 797 798 799 800 801 802 803 804 805 806 807 808 809 810 811 812 813 814 815 816 817 818 819 
1559 785 786 787 788 789 790 791 792 793 794 795 796 797 798 799 800 801 802 803 804 805 806 807 808 809 810 811 812 813 814 815 816 817 818 819 
1560 787 788 789 790 791 792 793 794 795 796 797 798 799 800 801 802 803 804 805 806 807 808 809 810 811 812 813 814 815 816 817 818 819 
1561 788 789 790 791 792 793 794 795 796 797 798 799 800 801 802 803 804 805 806 807 808 809 810 811 812 813 814 815 816 817 818 819 
1562 789 790 791 792 793 794 795 796 797 798 799 800 801 802 803 804 805 806 807 808 809 810 811 812 813 814 815 816 817 818 819 
1563 791 792 793 794 795 796 797 798 799 800 801 802 803 804 805 806 807 808 809 810 811 812 813 814 815 816 817 818 819 
1564 792 793 794 795 796 797 798 799 800 801 802 803 804 805 806 807 808 809 810 811 812 813 814 815 816 817 818 819 
1565 794 795 796 797 798 799 800 801 802 803 804 805 806 807 808 809 810 811 812 813 814 815 816 817 818 819 
1566 796 797 798 799 800 801 802 803 804 805 806 807 808 809 810 811 812 813 814 815 816 817 818 819 
1567 798 799 800 801 802 803 804 805 806 807 808 809 810 811 812 813 814 815 816 817 818 
1568 800 801 802 803 804 805 806 807 808 809 810 811 812 813 814 815 816 817 
1569 803 804 805 806 807 808 809 810 811 812 813 814 815 816 
1570 807 808 809 810 811 812 813 814 815 
2325 15 16 
2326 14 15 16 17 
2327 14 15 16 17 
2328 14 15 16 
2329 15 16 
2330 15 16 
2331 15 16 
2332 15 16 
2333 15 16 
2334 15 16 
2335 15 16 
2336 15 16 
2337 15 16 
2338 15 16 
2339 15 16 
2340 15 16 
2341 15 16 
2342 15 16 
2343 15 16 
2344 14 15 16 
2345 14 15 16 
2346 14 15 16 
2347 14 15 16 
2348 14 15 16 
2349 14 15 16 
2350 14 15 16 2300 
2351 14 15 16 2300 2301 
2352 14 15 16 2300 2301 2302 
2353 14 15 16 17 2300 2301 2302 2303 
2354 14 15 16 17 2300 2301 2302 2303 2304 
2355 14 15 16 17 2300 2301 2302 2303 2304 2305 
2356 14 15 16 17 2300 2301 2302 2303 2304 2305 2306 
2357 14 15 16 17 2300 2301 2302 2303 2304 2305 2306 2307 
2358 14 15 16 17 2300 2301 2302 2303 2304 2305 2306 2307 2308 
2359 14 15 16 17 2300 2301 2302 2303 2304 2305 2306 2307 2308 2309 
2360 14 15 16 17 2300 2301 2302 2303 2304 2305 2306 2307 2308 2309 2310 
2361 14 15 16 17 2300 2301 2302 2303 2304 2305 2306 2307 2308 2309 2310 2311 
2362 14 15 16 17 2300 2301 2302 2303 2304 2305 2306 2307 2308 2309 2310 2311 2312 
2363 14 15 16 17 2300 2301 2302 2303 2304 2305 2306 2307 2308 2309 2310 2311 2312 2313 
2364 14 15 16 17 2300 2301 2302 2303 2304 2305 2306 2307 2308 2309 2310 2311 2312 2313 2314 
2365 14 15 16 17 2300 2301 2302 2303 2304 2305 2306 2307 2308 2309 2310 2311 2312 2313 2314 2315 
2366 14 15 16 17 2300 2301 2302 2303 2304 2305 2306 2307 2308 2309 2310 2311 2312 2313 2314 2315 2316 
2367 14 15 16 17 2300 2301 2302 2303 2304 2305 2306 2307 2308 2309 2310 2311 2312 2313 2314 2315 2316 2317 
2368 14 15 16 17 2300 2301 2302 2303 2304 2305 2306 2307 2308 2309 2310 2311 2312 2313 2314 2315 2316 2317 2318 
2369 14 15 16 17 2300 2301 2302 2303 2304 2305 2306 2307 2308 2309 2310 2311 2312 2313 2314 2315 2316 2317 2318 2319 
2370 14 15 16 17 2300 2301 2302 2303 2304 2305 2306 2307 2308 2309 2310 2311 2312 2313 2314 2315 2316 2317 2318 2319 2320 
2371 14 15 16 17 2300 2301 2302 2303 2304 2305 2306 2307 2308 2309 2310 2311 2312 2313 2314 2315 2316 2317 2318 2319 2320 2321 
2372 14 15 16 17 2300 2301 2302 2303 2304 2305 2306 2307 2308 2309 2310 2311 2312 2313 2314 2315 2316 2317 2318 2319 2320 2321 2322 
2373 14 15 16 17 2300 2301 2302 2303 2304 2305 2306 2307 2308 2309 2310 2311 2312 2313 2314 2315 2316 2317 2318 2319 2320 2321 2322 2323 
2374 14 15 16 17 2300 2301 2302 2303 2304 2305 2306 2307 2308 2309 2310 2311 2312 2313 2314 2315 2316 2317 2318 2319 2320 2321 2322 2323 2324 
2375 14 15 16 17 2300 2301 2302 2303 2304 2305 2306 2307 2308 2309 2310 2311 2312 2313 2314 2315 2316 2317 2318 2319 2320 2321 2322 2323 2324 2325 
2376 14 15 16 17 2300 2301 2302 2303 2304 2305 2306 2307 2308 2309 2310 2311 2312 2313 2314 2315 2316 2317 2318 2319 2320 2321 2322 2323 2324 2325 2326 
2377 14 15 16 17 2300 2301 2302 2303 2304 2305 2306 2307 2308 2309 2310 2311 2312 2313 2314 2315 2316 2317 2318 2319 2320 2321 2322 2323 2324 2325 2326 2327 
2378 14 15 16 17 2300 2301 2302 2303 2304 2305 2306 2307 2308 2309 2310 2311 2312 2313 2314 2315 2316 2317 2318 2319 2320 2321 2322 2323 2324 2325 2326 2327 2328 
2379 14 15 16 17 2300 2301 2302 2303 2304 2305 2306 2307 2308 2309 2310 2311 2312 2313 2314 2315 2316 2317 2318 2319 2320 2321 2322 2323 2324 2325 2326 2327 2328 2329 
2380 14 15 16 17 2300 2301 2302 2303 2304 2305 2306 2307 2308 2309 2310 2311 2312 2313 2314 2315 2316 2317 2318 2319 2320 2321 2322 2323 2324 2325 2326 2327 2328 2329 2330 
2381 14 15 16 17 2300 2301 2302 2303 2304 2305 2306 2307 2308 2309 2310 2311 2312 2313 2314 2315 2316 2317 2318 2319 2320 2321 2322 2323 2324 2325 2326 2327 2328 2329 2330 2331 
2382 14 15 16 17 2300 2301 2302 2303 2304 2305 2306 2307 2308 2309 2310 2311 2312 2313 2314 2315 2316 2317 2318 2319 2320 2321 2322 2323 2324 2325 2326 2327 2328 2329 2330 2331 2332 
2383 14 15 16 17 2300 2301 2302 2303 2304 2305 2306 2307 2308 2309 2310 2311 2312 2313 2314 2315 2316 2317 2318 2319 2320 2321 2322 2323 2324 2325 2326 2327 2328 2329 2330 2331 2332 2333 
2384 14 15 16 17 2300 2301 2302 2303 2304 2305 2306 2307 2308 2309 2310 2311 2312 2313 2314 2315 2316 2317 2318 2319 2320 2321 2322 2323 2324 2325 2326 2327 2328 2329 2330 2331 2332 2333 2334 
2385 14 15 16 17 2300 2301 2302 2303 2304 2305 2306 2307 2308 2309 2310 2311 2312 2313 2314 2315 2316 2317 2318 2319 2320 2321 2322 2323 2324 2325 2326 2327 2328 2329 2330 2331 2332 2333 2334 2335 
2386 14 15 16 17 2300 2301 2302 2303 2304 2305 2306 2307 2308 2309 2310 2311 2312 2313 2314 2315 2316 2317 2318 2319 2320 2321 2322 2323 2324 2325 2326 2327 2328 2329 2330 2331 2332 2333 2334 2335 2336 
2387 14 15 16 17 2300 2301 2302 2303 2304 2305 2306 2307 2308 2309 2310 2311 2312 2313 2314 2315 2316 2317 2318 2319 2320 2321 2322 2323 2324 2325 2326 2327 2328 2329 2330 2331 2332 2333 2334 2335 2336 2337 
2388 14 15 16 17 2300 2301 2302 2303 2304 2305 2306 2307 2308 2309 2310 2311 2312 2313 2314 2315 2316 2317 2318 2319 2320 2321 2322 2323 2324 2325 2326 2327 2328 2329 2330 2331 2332 2333 2334 2335 2336 2337 2338 
2389 14 15 16 17 2300 2301 2302 2303 2304 2305 2306 2307 2308 2309 2310 2311 2312 2313 2314 2315 2316 2317 2318 2319 2320 2321 2322 2323 2324 2325 2326 2327 2328 2329 2330 2331 2332 2333 2334 2335 2336 2337 2338 2339 
2390 14 15 16 17 2300 2301 2302 2303 2304 2305 2306 2307 2308 2309 2310 2311 2312 2313 2314 2315 2316 2317 2318 2319 2320 2321 2322 2323 2324 2325 2326 2327 2328 2329 2330 2331 2332 2333 2334 2335 2336 2337 2338 2339 2340 
2391 14 15 16 17 2300 2301 2302 2303 2304 2305 2306 2307 2308 2309 2310 2311 2312 2313 2314 2315 2316 2317 2318 2319 2320 2321 2322 2323 2324 2325 2326 2327 2328 2329 2330 2331 2332 2333 2334 2335 2336 2337 2338 2339 2340 2341 
2392 14 15 16 17 2300 2301 2302 2303 2304 2305 2306 2307 2308 2309 2310 2311 2312 2313 2314 2315 2316 2317 2318 2319 2320 2321 2322 2323 2324 2325 2326 2327 2328 2329 2330 2331 2332 2333 2334 2335 2336 2337 2338 2339 2340 2341 2342 
2393 14 15 16 17 2300 2301 2302 2303 2304 2305 2306 2307 2308 2309 2310 2311 2312 2313 2314 2315 2316 2317 2318 2319 2320 2321 2322 2323 2324 2325 2326 2327 2328 2329 2330 2331 2332 2333 2334 2335 2336 2337 2338 2339 2340 2341 2342 2343 
2394 14 15 16 17 2300 2301 2302 2303 2304 2305 2306 2307 2308 2309 2310 2311 2312 2313 2314 2315 2316 2317 2318 2319 2320 2321 2322 2323 2324 2325 2326 2327 2328 2329 2330 2331 2332 2333 2334 2335 2336 2337 2338 2339 2340 2341 2342 2343 2344 
2395 14 15 16 17 2300 2301 2302 2303 2304 2305 2306 2307 2308 2309 2310 2311 2312 2313 2314 2315 2316 2317 2318 2319 2320 2321 2322 2323 2324 2325 2326 2327 2328 2329 2330 2331 2332 2333 2334 2335 2336 2337 2338 2339 2340 2341 2342 2343 2344 2345 
2396 13 14 15 16 17 2300 2301 2302 2303 2304 2305 2306 2307 2308 2309 2310 2311 2312 2313 2314 2315 2316 2317 2318 2319 2320 2321 2322 2323 2324 2325 2326 2327 2328 2329 2330 2331 2332 2333 2334 2335 2336 2337 2338 2339 2340 2341 2342 2343 2344 2345 2346 
2397 13 14 15 16 17 18 2300 2301 2302 2303 2304 2305 2306 2307 2308 2309 2310 2311 2312 2313 2314 2315 2316 2317 2318 2319 2320 2321 2322 2323 2324 2325 2326 2327 2328 2329 2330 2331 2332 2333 2334 2335 2336 2337 2338 2339 2340 2341 2342 2343 2344 2345 2346 2347 
2398 13 14 15 16 17 18 2300 2301 2302 2303 2304 2305 2306 2307 2308 2309 2310 2311 2312 2313 2314 2315 2316 2317 2318 2319 2320 2321 2322 2323 2324 2325 2326 2327 2328 2329 2330 2331 2332 2333 2334 2335 2336 2337 2338 2339 2340 2341 2342 2343 2344 2345 2346 2347 2348 
2399 13 14 15 16 17 18 2300 2301 2302 2303 2304 2305 2306 2307 2308 2309 2310 2311 2312 2313 2314 2315 2316 2317 2318 2319 2320 2321 2322 2323 2324 2325 2326 2327 2328 2329 2330 2331 2332 2333 2334 2335 2336 2337 2338 2339 2340 2341 2342 2343 2344 2345 2346 2347 2348 2349 
2400 12 13 14 15 16 17 18 2300 2301 2302 2303 2304 2305 2306 2307 2308 2309 2310 2311 2312 2313 2314 2315 2316 2317 2318 2319 2320 2321 2322 2323 2324 2325 2326 2327 2328 2329 2330 2331 2332 2333 2334 2335 2336 2337 2338 2339 2340 2341 2342 2343 2344 2345 2346 2347 2348 2349 2350 
2401 12 13 14 15 16 17 18 19 2300 2301 2302 2303 2304 2305 2306 2307 2308 2309 2310 2311 2312 2313 2314 2315 2316 2317 2318 2319 2320 2321 2322 2323 2324 2325 2326 2327 2328 2329 2330 2331 2332 2333 2334 2335 2336 2337 2338 2339 2340 2341 2342 2343 2344 2345 2346 2347 2348 2349 2350 2351 
2402 12 13 14 15 16 17 18 19 2301 2302 2303 2304 2305 2306 2307 2308 2309 2310 2311 2312 2313 2314 2315 2316 2317 2318 2319 2320 2321 2322 2323 2324 2325 2326 2327 2328 2329 2330 2331 2332 2333 2334 2335 2336 2337 2338 2339 2340 2341 2342 2343 2344 2345 2346 2347 2348 2349 2350 2351 2352 
2403 11 12 13 14 15 16 17 18 19 20 2301 2302 2303 2304 2305 2306 2307 2308 2309 2310 2311 2312 2313 2314 2315 2316 2317 2318 2319 2320 2321 2322 2323 2324 2325 2326 2327 2328 2329 2330 2331 2332 2333 2334 2335 2336 2337 2338 2339 2340 2341 2342 2343 2344 2345 2346 2347 2348 2349 2350 2351 2352 2353 
2404 11 12 13 14 15 16 17 18 19 20 2301 2302 2303 2304 2305 2306 2307 2308 2309 2310 2311 2312 2313 2314 2315 2316 2317 2318 2319 2320 2321 2322 2323 2324 2325 2326 2327 2328 2329 2330 2331 2332 2333 2334 2335 2336 2337 2338 2339 2340 2341 2342 2343 2344 2345 2346 2347 2348 2349 2350 2351 2352 2353 2354 
2405 10 11 12 13 14 15 16 17 18 19 20 21 2302 2303 2304 2305 2306 2307 2308 2309 2310 2311 2312 2313 2314 2315 2316 2317 2318 2319 2320 2321 2322 2323 2324 2325 2326 2327 2328 2329 2330 2331 2332 2333 2334 2335 2336 2337 2338 2339 2340 2341 2342 2343 2344 2345 2346 2347 2348 2349 2350 2351 2352 2353 2354 2355 
2406 10 11 12 13 14 15 16 17 18 19 20 21 2302 2303 2304 2305 2306 2307 2308 2309 2310 2311 2312 2313 2314 2315 2316 2317 2318 2319 2320 2321 2322 2323 2324 2325 2326 2327 2328 2329 2330 2331 2332 2333 2334 2335 2336 2337 2338 2339 2340 2341 2342 2343 2344 2345 2346 2347 2348 2349 2350 2351 2352 2353 2354 2355 2356 
2407 9 10 11 12 13 14 15 16 17 18 19 20 21 22 2302 2303 2304 2305 2306 2307 2308 2309 2310 2311 2312 2313 2314 2315 2316 2317 2318 2319 2320 2321 2322 2323 2324 2325 2326 2327 2328 2329 2330 2331 2332 2333 2334 2335 2336 2337 2338 2339 2340 2341 2342 2343 2344 2345 2346 2347 2348 2349 2350 2351 2352 2353 2354 2355 2356 2357 
2408 9 10 11 12 13 14 15 16 17 18 19 20 21 22 2303 2304 2305 2306 2307 2308 2309 2310 2311 2312 2313 2314 2315 2316 2317 2318 2319 2320 2321 2322 2323 2324 2325 2326 2327 2328 2329 2330 2331 2332 2333 2334 2335 2336 2337 2338 2339 2340 2341 2342 2343 2344 2345 2346 2347 2348 2349 2350 2351 2352 2353 2354 2355 2356 2357 2358 
2409 9 10 11 12 13 14 15 16 17 18 19 20 21 22 23 2304 2305 2306 2307 2308 2309 2310 2311 2312 2313 2314 2315 2316 2317 2318 2319 2320 2321 2322 2323 2324 2325 2326 2327 2328 2329 2330 2331 2332 2333 2334 2335 2336 2337 2338 2339 2340 2341 2342 2343 2344 2345 2346 2347 2348 2349 2350 2351 2352 2353 2354 2355 2356 2357 2358 2359 
2410 9 10 11 12 13 14 15 16 17 18 19 20 21 22 23 2304 2305 2306 2307 2308 2309 2310 2311 2312 2313 2314 2315 2316 2317 2318 2319 2320 2321 2322 2323 2324 2325 2326 2327 2328 2329 2330 2331 2332 2333 2334 2335 2336 2337 2338 2339 2340 2341 2342 2343 2344 2345 2346 2347 2348 2349 2350 2351 2352 2353 2354 2355 2356 2357 2358 2359 2360 
2411 8 9 10 11 12 13 14 15 16 17 18 19 20 21 22 23 24 2305 2306 2307 2308 2309 2310 2311 2312 2313 2314 2315 2316 2317 2318 2319 2320 2321 2322 2323 2324 2325 2326 2327 2328 2329 2330 2331 2332 2333 2334 2335 2336 2337 2338 2339 2340 2341 2342 2343 2344 2345 2346 2347 2348 2349 2350 2351 2352 2353 2354 2355 2356 2357 2358 2359 2360 2361 
2412 8 9 10 11 12 13 14 15 16 17 18 19 20 21 22 23 24 25 2306 2307 2308 2309 2310 2311 2312 2313 2314 2315 2316 2317 2318 2319 2320 2321 2322 2323 2324 2325 2326 2327 2328 2329 2330 2331 2332 2333 2334 2335 2336 2337 2338 2339 2340 2341 2342 2343 2344 2345 2346 2347 2348 2349 2350 2351 2352 2353 2354 2355 2356 2357 2358 2359 2360 2361 2362 
2413 8 9 10 11 12 13 14 15 16 17 18 19 20 21 22 23 24 25 2307 2308 2309 2310 2311 2312 2313 2314 2315 2316 2317 2318 2319 2320 2321 2322 2323 2324 2325 2326 2327 2328 2329 2330 2331 2332 2333 2334 2335 2336 2337 2338 2339 2340 2341 2342 2343 2344 2345 2346 2347 2348 2349 2350 2351 2352 2353 2354 2355 2356 2357 2358 2359 2360 2361 2362 2363 
2414 8 9 10 11 12 13 14 15 16 17 18 19 20 21 22 23 24 25 26 2308 2309 2310 2311 2312 2313 2314 2315 2316 2317 2318 2319 2320 2321 2322 2323 2324 2325 2326 2327 2328 2329 2330 2331 2332 2333 2334 2335 2336 2337 2338 2339 2340 2341 2342 2343 2344 2345 2346 2347 2348 2349 2350 2351 2352 2353 2354 2355 2356 2357 2358 2359 2360 2361 2362 2363 2364 
2415 9 10 11 12 13 14 15 16 17 18 19 20 21 22 23 24 25 26 2309 2310 2311 2312 2313 2314 2315 2316 2317 2318 2319 2320 2321 2322 2323 2324 2325 2326 2327 2328 2329 2330 2331 2332 2333 2334 2335 2336 2337 2338 2339 2340 2341 2342 2343 2344 2345 2346 2347 2348 2349 2350 2351 2352 2353 2354 2355 2356 2357 2358 2359 2360 2361 2362 2363 2364 2365 
2416 9 10 11 12 13 14 15 16 17 18 19 20 21 22 23 24 25 26 27 2310 2311 2312 2313 2314 2315 2316 2317 2318 2319 2320 2321 2322 2323 2324 2325 2326 2327 2328 2329 2330 2331 2332 2333 2334 2335 2336 2337 2338 2339 2340 2341 2342 2343 2344 2345 2346 2347 2348 2349 2350 2351 2352 2353 2354 2355 2356 2357 2358 2359 2360 2361 2362 2363 2364 2365 2366 
2417 9 10 11 12 13 14 15 16 17 18 19 20 21 22 23 24 25 26 27 2312 2313 2314 2315 2316 2317 2318 2319 2320 2321 2322 2323 2324 2325 2326 2327 2328 2329 2330 2331 2332 2333 2334 2335 2336 2337 2338 2339 2340 2341 2342 2343 2344 2345 2346 2347 2348 2349 2350 2351 2352 2353 2354 2355 2356 2357 2358 2359 2360 2361 2362 2363 2364 2365 2366 2367 
2418 9 10 11 12 13 14 15 16 17 18 19 20 21 22 23 24 25 26 27 28 2313 2314 2315 2316 2317 2318 2319 2320 2321 2322 2323 2324 2325 2326 2327 2328 2329 2330 2331 2332 2333 2334 2335 2336 2337 2338 2339 2340 2341 2342 2343 2344 2345 2346 2347 2348 2349 2350 2351 2352 2353 2354 2355 2356 2357 2358 2359 2360 2361 2362 2363 2364 2365 2366 2367 2368 
2419 10 11 12 13 14 15 16 17 18 19 20 21 22 23 24 25 26 27 28 2315 2316 2317 2318 2319 2320 2321 2322 2323 2324 2325 2326 2327 2328 2329 2330 2331 2332 2333 2334 2335 2336 2337 2338 2339 2340 2341 2342 2343 2344 2345 2346 2347 2348 2349 2350 2351 2352 2353 2354 2355 2356 2357 2358 2359 2360 2361 2362 2363 2364 2365 2366 2367 2368 2369 
2420 10 11 12 13 14 15 16 17 18 19 20 21 22 23 24 25 26 27 28 29 2317 2318 2319 2320 2321 2322 2323 2324 2325 2326 2327 2328 2329 2330 2331 2332 2333 2334 2335 2336 2337 2338 2339 2340 2341 2342 2343 2344 2345 2346 2347 2348 2349 2350 2351 2352 2353 2354 2355 2356 2357 2358 2359 2360 2361 2362 2363 2364 2365 2366 2367 2368 2369 2370 
2421 11 12 13 14 15 16 17 18 19 20 21 22 23 24 25 26 27 28 29 30 2319 2320 2321 2322 2323 2324 2325 2326 2327 2328 2329 2330 2331 2332 2333 2334 2335 2336 2337 2338 2339 2340 2341 2342 2343 2344 2345 2346 2347 2348 2349 2350 2351 2352 2353 2354 2355 2356 2357 2358 2359 2360 2361 2362 2363 2364 2365 2366 2367 2368 2369 2370 2371 
2422 12 13 14 15 16 17 18 19 20 21 22 23 24 25 26 27 28 29 30 2322 2323 2324 2325 2326 2327 2328 2329 2330 2331 2332 2333 2334 2335 2336 2337 2338 2339 2340 2341 2342 2343 2344 2345 2346 2347 2348 2349 2350 2351 2352 2353 2354 2355 2356 2357 2358 2359 2360 2361 2362 2363 2364 2365 2366 2367 2368 2369 2370 2371 2372 
2423 12 13 14 15 16 17 18 19 20 21 22 23 24 25 26 27 28 29 30 31 
2424 13 14 15 16 17 18 19 20 21 22 23 24 25 26 27 28 29 30 31 32 
2425 14 15 16 17 18 19 20 21 22 23 24 25 26 27 28 29 30 31 32 
2426 15 16 17 18 19 20 21 22 23 24 25 26 27 28 29 30 31 32 33 
2427 16 17 18 19 20 21 22 23 24 25 26 27 28 29 30 31 32 33 34 
2428 17 18 19 20 21 22 23 24 25 26 27 28 29 30 31 32 33 34 
2429 18 19 20 21 22 23 24 25 26 27 28 29 30 31 32 33 34 35 
2430 19 20 21 22 23 24 25 26 27 28 29 30 31 32 33 34 35 36 
2431 20 21 22 23 24 25 26 27 28 29 30 31 32 33 34 35 36 37 
2432 21 22 23 24 25 26 27 28 29 30 31 32 33 34 35 36 37 
2433 22 23 24 25 26 27 28 29 30 31 32 33 34 35 36 37 38 
2434 23 24 25 26 27 28 29 30 31 32 33 34 35 36 37 38 39 
2435 24 25 26 27 28 29 30 31 32 33 34 35 36 37 38 39 40 
2436 25 26 27 28 29 30 31 32 33 34 35 36 37 38 39 40 41 
2437 26 27 28 29 30 31 32 33 34 35 36 37 38 39 40 41 42 
2438 27 28 29 30 31 32 33 34 35 36 37 38 39 40 41 42 
2439 28 29 30 31 32 33 34 35 36 37 38 39 40 41 42 43 
2440 29 30 31 32 33 34 35 36 37 38 39 40 41 42 43 44 
2441 30 31 32 33 34 35 36 37 38 39 40 41 42 43 44 45 
2442 31 32 33 34 35 36 37 38 39 40 41 42 43 44 45 46 
2443 33 34 35 36 37 38 39 40 41 42 43 44 45 46 47 
2444 34 35 36 37 38 39 40 41 42 43 44 45 46 47 48 
2445 35 36 37 38 39 40 41 42 43 44 45 46 47 48 49 
2446 36 37 38 39 40 41 42 43 44 45 46 47 48 49 50 
2447 37 38 39 40 41 42 43 44 45 46 47 48 49 50 51 
2448 38 39 40 41 42 43 44 45 46 47 48 49 50 51 52 
2449 39 40 41 42 43 44 45 46 47 48 49 50 51 52 53 
2450 40 41 42 43 44 45 46 47 48 49 50 51 52 53 54 
2451 41 42 43 44 45 46 47 48 49 50 51 52 53 54 55 
2452 43 44 45 46 47 48 49 50 51 52 53 54 55 56 57 
2453 44 45 46 47 48 49 50 51 52 53 54 55 56 57 58 
2454 45 46 47 48 49 50 51 52 53 54 55 56 57 58 59 
2455 46 47 48 49 50 51 52 53 54 55 56 57 58 59 60 
2456 47 48 49 50 51 52 53 54 55 56 57 58 59 60 61 
2457 48 49 50 51 52 53 54 55 56 57 58 59 60 61 62 
2458 49 50 51 52 53 54 55 56 57 58 59 60 61 62 63 
2459 50 51 52 53 54 55 56 57 58 59 60 61 62 63 64 
2460 51 52 53 54 55 56 57 58 59 60 61 62 63 64 65 
2461 52 53 54 55 56 57 58 59 60 61 62 63 64 65 66 
2462 53 54 55 56 57 58 59 60 61 62 63 64 65 66 67 
2463 54 55 56 57 58 59 60 61 62 63 64 65 66 67 68 
2464 55 56 57 58 59 60 61 62 63 64 65 66 67 68 69 
2465 56 57 58 59 60 61 62 63 64 65 66 67 68 69 70 
2466 57 58 59 60 61 62 63 64 65 66 67 68 69 70 71 
2467 59 60 61 62 63 64 65 66 67 68 69 70 71 72 
2468 60 61 62 63 64 65 66 67 68 69 70 71 72 73 
2469 61 62 63 64 65 66 67 68 69 70 71 72 73 74 
2470 62 63 64 65 66 67 68 69 70 71 72 73 74 75 
2471 63 64 65 66 67 68 69 70 71 72 73 74 75 76 
2472 64 65 66 67 68 69 70 71 72 73 74 75 76 77 
2473 65 66 67 68 69 70 71 72 73 74 75 76 77 78 
2474 66 67 68 69 70 71 72 73 74 75 76 77 78 79 
2475 67 68 69 70 71 72 73 74 75 76 77 78 79 80 81 
2476 68 69 70 71 72 73 74 75 76 77 78 79 80 81 82 
2477 69 70 71 72 73 74 75 76 77 78 79 80 81 82 83 
2478 70 71 72 73 74 75 76 77 78 79 80 81 82 83 84 
2479 71 72 73 74 75 76 77 78 79 80 81 82 83 84 85 
2480 72 73 74 75 76 77 78 79 80 81 82 83 84 85 86 
2481 73 74 75 76 77 78 79 80 81 82 83 84 85 86 87 
2482 74 75 76 77 78 79 80 81 82 83 84 85 86 87 88 
2483 75 76 77 78 79 80 81 82 83 84 85 86 87 88 89 
2484 76 77 78 79 80 81 82 83 84 85 86 87 88 89 90 
2485 77 78 79 80 81 82 83 84 85 86 87 88 89 90 91 
2486 78 79 80 81 82 83 84 85 86 87 88 89 90 91 92 
2487 79 80 81 82 83 84 85 86 87 88 89 90 91 92 93 
2488 80 81 82 83 84 85 86 87 88 89 90 91 92 93 94 
2489 81 82 83 84 85 86 87 88 89 90 91 92 93 94 95 
2490 82 83 84 85 86 87 88 89 90 91 92 93 94 95 96 
2491 83 84 85 86 87 88 89 90 91 92 93 94 95 96 97 98 
2492 84 85 86 87 88 89 90 91 92 93 94 95 96 97 98 99 
2493 85 86 87 88 89 90 91 92 93 94 95 96 97 98 99 100 
2494 86 87 88 89 90 91 92 93 94 95 96 97 98 99 100 101 
2495 87 88 89 90 91 92 93 94 95 96 97 98 99 100 101 102 103 
2496 88 89 90 91 92 93 94 95 96 97 98 99 100 101 102 103 104 
2497 89 90 91 92 93 94 95 96 97 98 99 100 101 102 103 104 105 106 
2498 90 91 92 93 94 95 96 97 98 99 100 101 102 103 104 105 106 107 
2499 91 92 93 94 95 96 97 98 99 100 101 102 103 104 105 106 107 108 109 
2500 92 93 94 95 96 97 98 99 100 101 102 103 104 105 106 107 108 109 110 111 
2501 93 94 95 96 97 98 99 100 101 102 103 104 105 106 107 108 109 110 111 112 113 
2502 94 95 96 97 98 99 100 101 102 103 104 105 106 107 108 109 110 111 112 113 114 115 116 
2503 95 96 97 98 99 100 101 102 103 104 105 106 107 108 109 110 111 112 113 114 115 116 117 118 
2504 96 97 98 99 100 101 102 103 104 105 106 107 108 109 110 111 112 113 114 115 116 117 118 119 120 121 
2505 97 98 99 100 101 102 103 104 105 106 107 108 109 110 111 112 113 114 115 116 117 118 119 120 121 122 123 
2506 98 99 100 101 102 103 104 105 106 107 108 109 110 111 112 113 114 115 116 117 118 119 120 121 122 123 124 125 126 
2507 99 100 101 102 103 104 105 106 107 108 109 110 111 112 113 114 115 116 117 118 119 120 121 122 123 124 125 126 127 128 129 130 
2508 100 101 102 103 104 105 106 107 108 109 110 111 112 113 114 115 116 117 118 119 120 121 122 123 124 125 126 127 128 129 130 131 132 133 
2509 102 103 104 105 106 107 108 109 110 111 112 113 114 115 116 117 118 119 120 121 122 123 124 125 126 127 128 129 130 131 132 133 134 135 136 
2510 103 104 105 106 107 108 109 110 111 112 113 114 115 116 117 118 119 120 121 122 123 124 125 126 127 128 129 130 131 132 133 134 135 136 137 138 139 140 
2511 104 105 106 107 108 109 110 111 112 113 114 115 116 117 118 119 120 121 122 123 124 125 126 127 128 129 130 131 132 133 134 135 136 137 138 139 140 141 142 143 
2512 106 107 108 109 110 111 112 113 114 115 116 117 118 119 120 121 122 123 124 125 126 127 128 129 130 131 132 133 134 135 136 137 138 139 140 141 142 143 144 145 
2513 107 108 109 110 111 112 113 114 115 116 117 118 119 120 121 122 123 124 125 126 127 128 129 130 131 132 133 134 135 136 137 138 139 140 141 142 143 144 145 146 147 
2514 109 110 111 112 113 114 115 116 117 118 119 120 121 122 123 124 125 126 127 128 129 130 131 132 133 134 135 136 137 138 139 140 141 142 143 144 145 146 147 148 
2515 111 112 113 114 115 116 117 118 119 120 121 122 123 124 125 126 127 128 129 130 131 132 133 134 135 136 137 138 139 140 141 142 143 144 145 146 147 148 149 
2516 113 114 115 116 117 118 119 120 121 122 123 124 125 126 127 128 129 130 131 132 133 134 135 136 137 138 139 140 141 142 143 144 145 146 147 148 149 150 
2517 115 116 117 118 119 120 121 122 123 124 125 126 127 128 129 130 131 132 133 134 135 136 137 138 139 140 141 142 143 144 145 146 147 148 149 150 
2518 117 118 119 120 121 122 123 124 125 126 127 128 129 130 131 132 133 134 135 136 137 138 139 140 141 142 143 144 145 146 147 148 149 150 151 
2519 120 121 122 123 124 125 126 127 128 129 130 131 132 133 134 135 136 137 138 139 140 141 142 143 144 145 146 147 148 149 150 
2520 122 123 124 125 126 127 128 129 130 131 132 133 134 135 136 137 138 139 140 141 142 143 144 145 146 147 148 149 150 
2521 125 126 127 128 129 130 131 132 133 134 135 136 137 138 139 140 141 142 143 144 145 146 147 148 149 
2522 128 129 130 131 132 133 134 135 136 137 138 139 140 141 142 143 144 145 146 147 148 
2523 132 133 134 135 136 137 138 139 140 141 142 143 144 145 146 
2524 139 140 141 
2569 792 793 794 795 796 797 798 799 1544 1545 1546 1547 1548 1549 1550 1551 1552 1553 1554 1555 1556 1557 1558 1559 1560 1561 1562 1563 1564 
2570 788 789 790 791 792 793 794 795 796 797 798 799 800 801 802 803 804 805 1537 1538 1539 1540 1541 1542 1543 1544 1545 1546 1547 1548 1549 1550 1551 1552 1553 1554 1555 1556 1557 1558 1559 1560 1561 1562 1563 1564 1565 1566 1567 
2571 786 787 788 789 790 791 792 793 794 795 796 797 798 799 800 801 802 803 804 805 806 807 808 1532 1533 1534 1535 1536 1537 1538 1539 1540 1541 1542 1543 1544 1545 1546 1547 1548 1549 1550 1551 1552 1553 1554 1555 1556 1557 1558 1559 1560 1561 1562 1563 1564 1565 1566 1567 1568 1569 
2572 785 786 787 788 789 790 791 792 793 794 795 796 797 798 799 800 801 802 803 804 805 806 807 808 809 810 811 1530 1531 1532 1533 1534 1535 1536 1537 1538 1539 1540 1541 1542 1543 1544 1545 1546 1547 1548 1549 1550 1551 1552 1553 1554 1555 1556 1557 1558 1559 1560 1561 1562 1563 1564 1565 1566 1567 1568 1569 1570 
2573 784 785 786 787 788 789 790 791 792 793 794 795 796 797 798 799 800 801 802 803 804 805 806 807 808 809 810 811 812 813 1528 1529 1530 1531 1532 1533 1534 1535 1536 1537 1538 1539 1540 1541 1542 1543 1544 1545 1546 1547 1548 1549 1550 1551 1552 1553 1554 1555 1556 1557 1558 1559 1560 1561 1562 1563 1564 1565 1566 1567 1568 1569 1570 1571 
2574 784 785 786 787 788 789 790 791 792 793 794 795 796 797 798 799 800 801 802 803 804 805 806 807 808 809 810 811 812 813 814 815 816 1527 1528 1529 1530 1531 1532 1533 1534 1535 1536 1537 1538 1539 1540 1541 1542 1543 1544 1545 1546 1547 1548 1549 1550 1551 1552 1553 1554 1555 1556 1557 1558 1559 1560 1561 1562 1563 1564 1565 1566 1567 1568 1569 1570 1571 
2575 784 785 786 787 788 789 790 791 792 793 794 795 796 797 798 799 800 801 802 803 804 805 806 807 808 809 810 811 812 813 814 815 816 817 818 1527 1528 1529 1530 1531 1532 1533 1534 1535 1536 1537 1538 1539 1540 1541 1542 1543 1544 1545 1546 1547 1548 1549 1550 1551 1552 1553 1554 1555 1556 1557 1558 1559 1560 1561 1562 1563 1564 1565 1566 1567 1568 1569 1570 1571 
2576 785 786 787 788 789 790 791 792 793 794 795 796 797 798 799 800 801 802 803 804 805 806 807 808 809 810 811 812 813 814 815 816 817 818 819 1527 1528 1529 1530 1531 1532 1533 1534 1535 1536 1537 1538 1539 1540 1541 1542 1543 1544 1545 1546 1547 1548 1549 1550 1551 1552 1553 1554 1555 1556 1557 1558 1559 1560 1561 1562 1563 1564 1565 1566 1567 1568 1569 1570 1571 1572 
2577 785 786 787 788 789 790 791 792 793 794 795 796 797 798 799 800 801 802 803 804 805 806 807 808 809 810 811 812 813 814 815 816 817 818 819 820 821 1528 1529 1530 1531 1532 1533 1534 1535 1536 1537 1538 1539 1540 1541 1542 1543 1544 1545 1546 1547 1548 1549 1550 1551 1552 1553 1554 1555 1556 1557 1558 1559 1560 1561 1562 1563 1564 1565 1566 1567 1568 1569 1570 1571 1572 
2578 786 787 788 789 790 791 792 793 794 795 796 797 798 799 800 801 802 803 804 805 806 807 808 809 810 811 812 813 814 815 816 817 818 819 820 821 822 823 1529 1530 1531 1532 1533 1534 1535 1536 1537 1538 1539 1540 1541 1542 1543 1544 1545 1546 1547 1548 1549 1550 1551 1552 1553 1554 1555 1556 1557 1558 1559 1560 1561 1562 1563 1564 1565 1566 1567 1568 1569 1570 1571 
2579 788 789 790 791 792 793 794 795 796 797 798 799 800 801 802 803 804 805 806 807 808 809 810 811 812 813 814 815 816 817 818 819 820 821 822 823 824 1530 1531 1532 1533 1534 1535 1536 1537 1538 1539 1540 1541 1542 1543 1544 1545 1546 1547 1548 1549 1550 1551 1552 1553 1554 1555 1556 1557 1558 1559 1560 1561 1562 1563 1564 1565 1566 1567 1568 1569 1570 1571 
2580 790 791 792 793 794 795 796 797 798 799 800 801 802 803 804 805 806 807 808 809 810 811 812 813 814 815 816 817 818 819 820 821 822 823 824 825 826 1533 1534 1535 1536 1537 1538 1539 1540 1541 1542 1543 1544 1545 1546 1547 1548 1549 1550 1551 1552 1553 1554 1555 1556 1557 1558 1559 1560 1561 1562 1563 1564 1565 1566 1567 1568 1569 1570 
2581 792 793 794 795 796 797 798 799 800 801 802 803 804 805 806 807 808 809 810 811 812 813 814 815 816 817 818 819 820 821 822 823 824 825 826 827 828 1537 1538 1539 1540 1541 1542 1543 1544 1545 1546 1547 1548 1549 1550 1551 1552 1553 1554 1555 1556 1557 1558 1559 1560 1561 1562 1563 1564 1565 1566 1567 1568 1569 
2582 795 796 797 798 799 800 801 802 803 804 805 806 807 808 809 810 811 812 813 814 815 816 817 818 819 820 821 822 823 824 825 826 827 828 829 1543 1544 1545 1546 1547 1548 1549 1550 1551 1552 1553 1554 1555 1556 1557 1558 1559 1560 1561 1562 1563 1564 1565 1566 1567 1568 
2583 799 800 801 802 803 804 805 806 807 808 809 810 811 812 813 814 815 816 817 818 819 820 821 822 823 824 825 826 827 828 829 830 1552 1553 1554 1555 1556 1557 1558 1559 1560 1561 1562 1563 1564 1565 
2584 802 803 804 805 806 807 808 809 810 811 812 813 814 815 816 817 818 819 820 821 822 823 824 825 826 827 828 829 830 831 832 
2585 806 807 808 809 810 811 812 813 814 815 816 817 818 819 820 821 822 823 824 825 826 827 828 829 830 831 832 833 
2586 809 810 811 812 813 814 815 816 817 818 819 820 821 822 823 824 825 826 827 828 829 830 831 832 833 834 835 
2587 812 813 814 815 816 817 818 819 820 821 822 823 824 825 826 827 828 829 830 831 832 833 834 835 836 
2588 814 815 816 817 818 819 820 821 822 823 824 825 826 827 828 829 830 831 832 833 834 835 836 837 
2589 817 818 819 820 821 822 823 824 825 826 827 828 829 830 831 832 833 834 835 836 837 838 839 
2590 819 820 821 822 823 824 825 826 827 828 829 830 831 832 833 834 835 836 837 838 839 840 
2591 821 822 823 824 825 826 827 828 829 830 831 832 833 834 835 836 837 838 839 840 841 842 
2592 823 824 825 826 827 828 829 830 831 832 833 834 835 836 837 838 839 840 841 842 843 
2593 825 826 827 828 829 830 831 832 833 834 835 836 837 838 839 840 841 842 843 844 
2594 826 827 828 829 830 831 832 833 834 835 836 837 838 839 840 841 842 843 844 845 846 
2595 828 829 830 831 832 833 834 835 836 837 838 839 840 841 842 843 844 845 846 847 
2596 829 830 831 832 833 834 835 836 837 838 839 840 841 842 843 844 845 846 847 848 
2597 831 832 833 834 835 836 837 838 839 840 841 842 843 844 845 846 847 848 849 850 
2598 832 833 834 835 836 837 838 839 840 841 842 843 844 845 846 847 848 849 850 851 
2599 834 835 836 837 838 839 840 841 842 843 844 845 846 847 848 849 850 851 852 
2600 835 836 837 838 839 840 841 842 843 844 845 846 847 848 849 850 851 852 853 854 
2601 837 838 839 840 841 842 843 844 845 846 847 848 849 850 851 852 853 854 855 
2602 838 839 840 841 842 843 844 845 846 847 848 849 850 851 852 853 854 855 856 857 
2603 839 840 841 842 843 844 845 846 847 848 849 850 851 852 853 854 855 856 857 858 
2604 841 842 843 844 845 846 847 848 849 850 851 852 853 854 855 856 857 858 859 
2605 842 843 844 845 846 847 848 849 850 851 852 853 854 855 856 857 858 859 860 861 
2606 843 844 845 846 847 848 849 850 851 852 853 854 855 856 857 858 859 860 861 862 
2607 845 846 847 848 849 850 851 852 853 854 855 856 857 858 859 860 861 862 863 864 
2608 846 847 848 849 850 851 852 853 854 855 856 857 858 859 860 861 862 863 864 865 
2609 847 848 849 850 851 852 853 854 855 856 857 858 859 860 861 862 863 864 865 866 867 
2610 848 849 850 851 852 853 854 855 856 857 858 859 860 861 862 863 864 865 866 867 868 
2611 850 851 852 853 854 855 856 857 858 859 860 861 862 863 864 865 866 867 868 869 870 
2612 851 852 853 854 855 856 857 858 859 860 861 862 863 864 865 866 867 868 869 870 871 872 
2613 852 853 854 855 856 857 858 859 860 861 862 863 864 865 866 867 868 869 870 871 872 873 874 
2614 853 854 855 856 857 858 859 860 861 862 863 864 865 866 867 868 869 870 871 872 873 874 875 876 
2615 854 855 856 857 858 859 860 861 862 863 864 865 866 867 868 869 870 871 872 873 874 875 876 877 878 
2616 855 856 857 858 859 860 861 862 863 864 865 866 867 868 869 870 871 872 873 874 875 876 877 878 879 880 
2617 857 858 859 860 861 862 863 864 865 866 867 868 869 870 871 872 873 874 875 876 877 878 879 880 881 882 
2618 858 859 860 861 862 863 864 865 866 867 868 869 870 871 872 873 874 875 876 877 878 879 880 881 882 883 884 885 
2619 859 860 861 862 863 864 865 866 867 868 869 870 871 872 873 874 875 876 877 878 879 880 881 882 883 884 885 886 887 
2620 860 861 862 863 864 865 866 867 868 869 870 871 872 873 874 875 876 877 878 879 880 881 882 883 884 885 886 887 888 889 890 
2621 861 862 863 864 865 866 867 868 869 870 871 872 873 874 875 876 877 878 879 880 881 882 883 884 885 886 887 888 889 890 891 892 
2622 863 864 865 866 867 868 869 870 871 872 873 874 875 876 877 878 879 880 881 882 883 884 885 886 887 888 889 890 891 892 893 894 895 
2623 864 865 866 867 868 869 870 871 872 873 874 875 876 877 878 879 880 881 882 883 884 885 886 887 888 889 890 891 892 893 894 895 896 897 898 
2624 865 866 867 868 869 870 871 872 873 874 875 876 877 878 879 880 881 882 883 884 885 886 887 888 889 890 891 892 893 894 895 896 897 898 899 900 
2625 867 868 869 870 871 872 873 874 875 876 877 878 879 880 881 882 883 884 885 886 887 888 889 890 891 892 893 894 895 896 897 898 899 900 901 902 903 
2626 868 869 870 871 872 873 874 875 876 877 878 879 880 881 882 883 884 885 886 887 888 889 890 891 892 893 894 895 896 897 898 899 900 901 902 903 904 905 
2627 870 871 872 873 874 875 876 877 878 879 880 881 882 883 884 885 886 887 888 889 890 891 892 893 894 895 896 897 898 899 900 901 902 903 904 905 906 907 
2628 871 872 873 874 875 876 877 878 879 880 881 882 883 884 885 886 887 888 889 890 891 892 893 894 895 896 897 898 899 900 901 902 903 904 905 906 907 908 909 
2629 873 874 875 876 877 878 879 880 881 882 883 884 885 886 887 888 889 890 891 892 893 894 895 896 897 898 899 900 901 902 903 904 905 906 907 908 909 910 
2630 875 876 877 878 879 880 881 882 883 884 885 886 887 888 889 890 891 892 893 894 895 896 897 898 899 900 901 902 903 904 905 906 907 908 909 910 911 912 
2631 877 878 879 880 881 882 883 884 885 886 887 888 889 890 891 892 893 894 895 896 897 898 899 900 901 902 903 904 905 906 907 908 909 910 911 912 913 
2632 879 880 881 882 883 884 885 886 887 888 889 890 891 892 893 894 895 896 897 898 899 900 901 902 903 904 905 906 907 908 909 910 911 912 913 
2633 881 882 883 884 885 886 887 888 889 890 891 892 893 894 895 896 897 898 899 900 901 902 903 904 905 906 907 908 909 910 911 912 913 914 
2634 883 884 885 886 887 888 889 890 891 892 893 894 895 896 897 898 899 900 901 902 903 904 905 906 907 908 909 910 911 912 913 914 
2635 885 886 887 888 889 890 891 892 893 894 895 896 897 898 899 900 901 902 903 904 905 906 907 908 909 910 911 912 913 914 
2636 888 889 890 891 892 893 894 895 896 897 898 899 900 901 902 903 904 905 906 907 908 909 910 911 912 913 
2637 890 891 892 893 894 895 896 897 898 899 900 901 902 903 904 905 906 907 908 909 910 911 912 913 
2638 893 894 895 896 897 898 899 900 901 902 903 904 905 906 907 908 909 910 911 912 
2639 897 898 899 900 901 902 903 904 905 906 907 908 909 910 
2640 902 903 904 905 906 907 
