567 517 
568 518 
569 518 519 
570 518 519 520 
571 519 520 521 
572 520 521 522 
573 520 521 522 523 
574 521 522 523 524 
575 521 522 523 524 525 
576 522 523 524 525 526 
577 523 524 525 526 527 
578 523 524 525 526 527 528 
579 524 525 526 527 528 529 
580 525 526 527 528 529 530 
581 526 527 528 529 530 531 
582 527 528 529 530 531 532 
583 528 529 530 531 532 533 
584 529 530 531 532 533 534 
585 530 531 532 533 534 535 
586 531 532 533 534 535 536 
587 533 534 535 536 537 
588 535 536 537 538 
1401 586 587 588 589 590 
1402 585 586 587 588 589 590 
1403 584 585 586 587 588 589 590 591 
1404 583 584 585 586 587 588 589 590 591 
1405 582 583 584 585 586 587 588 589 590 591 
1406 581 582 583 584 585 586 587 588 589 590 591 592 
1407 580 581 582 583 584 585 586 587 588 589 590 591 
1408 579 580 581 582 583 584 585 586 587 588 589 590 591 
1409 578 579 580 581 582 583 584 585 586 587 588 589 590 591 
1410 578 579 580 581 582 583 584 585 586 587 588 589 590 591 
1411 577 578 579 580 581 582 583 584 585 586 587 588 589 590 
1412 577 578 579 580 581 582 583 584 585 586 587 588 589 
1413 577 578 579 580 581 582 583 584 585 586 587 588 589 
1414 577 578 579 580 581 582 583 584 585 586 587 588 
1415 578 579 580 581 582 583 584 585 586 
1416 579 580 581 582 583 584 
1554 110 111 112 113 114 115 116 
1555 107 108 109 110 111 112 113 114 115 116 117 118 119 
1556 106 107 108 109 110 111 112 113 114 115 116 117 118 119 120 121 
1557 104 105 106 107 108 109 110 111 112 113 114 115 116 117 118 119 120 121 122 123 
1558 103 104 105 106 107 108 109 110 111 112 113 114 115 116 117 118 119 120 121 122 123 124 125 
1559 103 104 105 106 107 108 109 110 111 112 113 114 115 116 117 118 119 120 121 122 123 124 125 126 
1560 102 103 104 105 106 107 108 109 110 111 112 113 114 115 116 117 118 119 120 121 122 123 124 125 126 127 
1561 102 103 104 105 106 107 108 109 110 111 112 113 114 115 116 117 118 119 120 121 122 123 124 125 126 127 128 129 
1562 101 102 103 104 105 106 107 108 109 110 111 112 113 114 115 116 117 118 119 120 121 122 123 124 125 126 127 128 129 130 
1563 101 102 103 104 105 106 107 108 109 110 111 112 113 114 115 116 117 118 119 120 121 122 123 124 125 126 127 128 129 130 131 
1564 101 102 103 104 105 106 107 108 109 110 111 112 113 114 115 116 117 118 119 120 121 122 123 124 125 126 127 128 129 130 131 132 
1565 101 102 103 104 105 106 107 108 109 110 111 112 113 114 115 116 117 118 119 120 121 122 123 124 125 126 127 128 129 130 131 132 133 
1566 102 103 104 105 106 107 108 109 110 111 112 113 114 115 116 117 118 119 120 121 122 123 124 125 126 127 128 129 130 131 132 133 134 
1567 102 103 104 105 106 107 108 109 110 111 112 113 114 115 116 117 118 119 120 121 122 123 124 125 126 127 128 129 130 131 132 133 134 135 
1568 103 104 105 106 107 108 109 110 111 112 113 114 115 116 117 118 119 120 121 122 123 124 125 126 127 128 129 130 131 132 133 134 135 136 
1569 104 105 106 107 108 109 110 111 112 113 114 115 116 117 118 119 120 121 122 123 124 125 126 127 128 129 130 131 132 133 134 135 136 137 
1570 104 105 106 107 108 109 110 111 112 113 114 115 116 117 118 119 120 121 122 123 124 125 126 127 128 129 130 131 132 133 134 135 136 137 138 
1571 105 106 107 108 109 110 111 112 113 114 115 116 117 118 119 120 121 122 123 124 125 126 127 128 129 130 131 132 133 134 135 136 137 138 
1572 107 108 109 110 111 112 113 114 115 116 117 118 119 120 121 122 123 124 125 126 127 128 129 130 131 132 133 134 135 136 137 138 139 
1573 108 109 110 111 112 113 114 115 116 117 118 119 120 121 122 123 124 125 126 127 128 129 130 131 132 133 134 135 136 137 138 139 140 
1574 109 110 111 112 113 114 115 116 117 118 119 120 121 122 123 124 125 126 127 128 129 130 131 132 133 134 135 136 137 138 139 140 141 
1575 110 111 112 113 114 115 116 117 118 119 120 121 122 123 124 125 126 127 128 129 130 131 132 133 134 135 136 137 138 139 140 141 142 
1576 112 113 114 115 116 117 118 119 120 121 122 123 124 125 126 127 128 129 130 131 132 133 134 135 136 137 138 139 140 141 142 143 
1577 113 114 115 116 117 118 119 120 121 122 123 124 125 126 127 128 129 130 131 132 133 134 135 136 137 138 139 140 141 142 143 
1578 115 116 117 118 119 120 121 122 123 124 125 126 127 128 129 130 131 132 133 134 135 136 137 138 139 140 141 142 143 144 
1579 116 117 118 119 120 121 122 123 124 125 126 127 128 129 130 131 132 133 134 135 136 137 138 139 140 141 142 143 144 145 
1580 118 119 120 121 122 123 124 125 126 127 128 129 130 131 132 133 134 135 136 137 138 139 140 141 142 143 144 145 146 
1581 119 120 121 122 123 124 125 126 127 128 129 130 131 132 133 134 135 136 137 138 139 140 141 142 143 144 145 146 147 
1582 121 122 123 124 125 126 127 128 129 130 131 132 133 134 135 136 137 138 139 140 141 142 143 144 145 146 147 148 
1583 123 124 125 126 127 128 129 130 131 132 133 134 135 136 137 138 139 140 141 142 143 144 145 146 147 148 
1584 124 125 126 127 128 129 130 131 132 133 134 135 136 137 138 139 140 141 142 143 144 145 146 147 148 149 
1585 126 127 128 129 130 131 132 133 134 135 136 137 138 139 140 141 142 143 144 145 146 147 148 149 150 
1586 128 129 130 131 132 133 134 135 136 137 138 139 140 141 142 143 144 145 146 147 148 149 150 151 
1587 129 130 131 132 133 134 135 136 137 138 139 140 141 142 143 144 145 146 147 148 149 150 151 152 
1588 131 132 133 134 135 136 137 138 139 140 141 142 143 144 145 146 147 148 149 150 151 152 153 
1589 132 133 134 135 136 137 138 139 140 141 142 143 144 145 146 147 148 149 150 151 152 153 154 
1590 134 135 136 137 138 139 140 141 142 143 144 145 146 147 148 149 150 151 152 153 154 155 
1591 135 136 137 138 139 140 141 142 143 144 145 146 147 148 149 150 151 152 153 154 155 156 
1592 136 137 138 139 140 141 142 143 144 145 146 147 148 149 150 151 152 153 154 155 156 157 
1593 138 139 140 141 142 143 144 145 146 147 148 149 150 151 152 153 154 155 156 157 158 
1594 139 140 141 142 143 144 145 146 147 148 149 150 151 152 153 154 155 156 157 158 159 
1595 140 141 142 143 144 145 146 147 148 149 150 151 152 153 154 155 156 157 158 159 160 
1596 142 143 144 145 146 147 148 149 150 151 152 153 154 155 156 157 158 159 160 161 
1597 143 144 145 146 147 148 149 150 151 152 153 154 155 156 157 158 159 160 161 162 
1598 144 145 146 147 148 149 150 151 152 153 154 155 156 157 158 159 160 161 162 163 
1599 145 146 147 148 149 150 151 152 153 154 155 156 157 158 159 160 161 162 163 164 
1600 146 147 148 149 150 151 152 153 154 155 156 157 158 159 160 161 162 163 164 165 
1601 148 149 150 151 152 153 154 155 156 157 158 159 160 161 162 163 164 165 166 
1602 149 150 151 152 153 154 155 156 157 158 159 160 161 162 163 164 165 166 167 
1603 150 151 152 153 154 155 156 157 158 159 160 161 162 163 164 165 166 167 168 
1604 151 152 153 154 155 156 157 158 159 160 161 162 163 164 165 166 167 168 169 
1605 152 153 154 155 156 157 158 159 160 161 162 163 164 165 166 167 168 169 170 171 
1606 153 154 155 156 157 158 159 160 161 162 163 164 165 166 167 168 169 170 171 172 
1607 154 155 156 157 158 159 160 161 162 163 164 165 166 167 168 169 170 171 172 173 
1608 155 156 157 158 159 160 161 162 163 164 165 166 167 168 169 170 171 172 173 174 
1609 156 157 158 159 160 161 162 163 164 165 166 167 168 169 170 171 172 173 174 175 
1610 157 158 159 160 161 162 163 164 165 166 167 168 169 170 171 172 173 174 175 176 
1611 158 159 160 161 162 163 164 165 166 167 168 169 170 171 172 173 174 175 176 177 
1612 159 160 161 162 163 164 165 166 167 168 169 170 171 172 173 174 175 176 177 178 
1613 160 161 162 163 164 165 166 167 168 169 170 171 172 173 174 175 176 177 178 179 
1614 161 162 163 164 165 166 167 168 169 170 171 172 173 174 175 176 177 178 179 180 181 
1615 162 163 164 165 166 167 168 169 170 171 172 173 174 175 176 177 178 179 180 181 182 
1616 163 164 165 166 167 168 169 170 171 172 173 174 175 176 177 178 179 180 181 182 183 
1617 164 165 166 167 168 169 170 171 172 173 174 175 176 177 178 179 180 181 182 183 184 
1618 165 166 167 168 169 170 171 172 173 174 175 176 177 178 179 180 181 182 183 184 185 186 
1619 166 167 168 169 170 171 172 173 174 175 176 177 178 179 180 181 182 183 184 185 186 187 
1620 167 168 169 170 171 172 173 174 175 176 177 178 179 180 181 182 183 184 185 186 187 188 
1621 169 170 171 172 173 174 175 176 177 178 179 180 181 182 183 184 185 186 187 188 189 190 
1622 170 171 172 173 174 175 176 177 178 179 180 181 182 183 184 185 186 187 188 189 190 191 192 
1623 171 172 173 174 175 176 177 178 179 180 181 182 183 184 185 186 187 188 189 190 191 192 193 
1624 172 173 174 175 176 177 178 179 180 181 182 183 184 185 186 187 188 189 190 191 192 193 194 195 
1625 173 174 175 176 177 178 179 180 181 182 183 184 185 186 187 188 189 190 191 192 193 194 195 196 197 
1626 174 175 176 177 178 179 180 181 182 183 184 185 186 187 188 189 190 191 192 193 194 195 196 197 198 199 
1627 175 176 177 178 179 180 181 182 183 184 185 186 187 188 189 190 191 192 193 194 195 196 197 198 199 200 201 
1628 177 178 179 180 181 182 183 184 185 186 187 188 189 190 191 192 193 194 195 196 197 198 199 200 201 202 203 
1629 178 179 180 181 182 183 184 185 186 187 188 189 190 191 192 193 194 195 196 197 198 199 200 201 202 203 204 205 
1630 179 180 181 182 183 184 185 186 187 188 189 190 191 192 193 194 195 196 197 198 199 200 201 202 203 204 205 206 207 
1631 180 181 182 183 184 185 186 187 188 189 190 191 192 193 194 195 196 197 198 199 200 201 202 203 204 205 206 207 208 209 210 
1632 182 183 184 185 186 187 188 189 190 191 192 193 194 195 196 197 198 199 200 201 202 203 204 205 206 207 208 209 210 211 212 
1633 183 184 185 186 187 188 189 190 191 192 193 194 195 196 197 198 199 200 201 202 203 204 205 206 207 208 209 210 211 212 213 
1634 184 185 186 187 188 189 190 191 192 193 194 195 196 197 198 199 200 201 202 203 204 205 206 207 208 209 210 211 212 213 214 215 
1635 185 186 187 188 189 190 191 192 193 194 195 196 197 198 199 200 201 202 203 204 205 206 207 208 209 210 211 212 213 214 215 216 
1636 187 188 189 190 191 192 193 194 195 196 197 198 199 200 201 202 203 204 205 206 207 208 209 210 211 212 213 214 215 216 217 
1637 188 189 190 191 192 193 194 195 196 197 198 199 200 201 202 203 204 205 206 207 208 209 210 211 212 213 214 215 216 217 
1638 190 191 192 193 194 195 196 197 198 199 200 201 202 203 204 205 206 207 208 209 210 211 212 213 214 215 216 217 
1639 191 192 193 194 195 196 197 198 199 200 201 202 203 204 205 206 207 208 209 210 211 212 213 214 215 216 217 218 
1640 193 194 195 196 197 198 199 200 201 202 203 204 205 206 207 208 209 210 211 212 213 214 215 216 217 
1641 195 196 197 198 199 200 201 202 203 204 205 206 207 208 209 210 211 212 213 214 215 216 217 
1642 196 197 198 199 200 201 202 203 204 205 206 207 208 209 210 211 212 213 214 215 216 
1643 198 199 200 201 202 203 204 205 206 207 208 209 210 211 212 213 214 215 
1644 200 201 202 203 204 205 206 207 208 209 210 211 212 213 214 
1645 203 204 205 206 207 208 209 210 211 212 
2426 379 380 381 
2427 376 377 378 379 380 381 382 383 384 385 
2428 375 376 377 378 379 380 381 382 383 384 385 386 387 
2429 374 375 376 377 378 379 380 381 382 383 384 385 386 387 388 
2430 374 375 376 377 378 379 380 381 382 383 384 385 386 387 388 389 
2431 373 374 375 376 377 378 379 380 381 382 383 384 385 386 387 388 389 390 
2432 373 374 375 376 377 378 379 380 381 382 383 384 385 386 387 388 389 390 391 
2433 373 374 375 376 377 378 379 380 381 382 383 384 385 386 387 388 389 390 391 392 
2434 374 375 376 377 378 379 380 381 382 383 384 385 386 387 388 389 390 391 392 393 
2435 374 375 376 377 378 379 380 381 382 383 384 385 386 387 388 389 390 391 392 393 394 
2436 374 375 376 377 378 379 380 381 382 383 384 385 386 387 388 389 390 391 392 393 394 395 
2437 375 376 377 378 379 380 381 382 383 384 385 386 387 388 389 390 391 392 393 394 395 396 
2438 375 376 377 378 379 380 381 382 383 384 385 386 387 388 389 390 391 392 393 394 395 396 397 
2439 376 377 378 379 380 381 382 383 384 385 386 387 388 389 390 391 392 393 394 395 396 397 398 
2440 376 377 378 379 380 381 382 383 384 385 386 387 388 389 390 391 392 393 394 395 396 397 398 
2441 377 378 379 380 381 382 383 384 385 386 387 388 389 390 391 392 393 394 395 396 397 398 399 
2442 378 379 380 381 382 383 384 385 386 387 388 389 390 391 392 393 394 395 396 397 398 399 400 
2443 379 380 381 382 383 384 385 386 387 388 389 390 391 392 393 394 395 396 397 398 399 400 401 
2444 380 381 382 383 384 385 386 387 388 389 390 391 392 393 394 395 396 397 398 399 400 401 402 403 
2445 380 381 382 383 384 385 386 387 388 389 390 391 392 393 394 395 396 397 398 399 400 401 402 403 404 
2446 381 382 383 384 385 386 387 388 389 390 391 392 393 394 395 396 397 398 399 400 401 402 403 404 405 
2447 382 383 384 385 386 387 388 389 390 391 392 393 394 395 396 397 398 399 400 401 402 403 404 405 406 
2448 383 384 385 386 387 388 389 390 391 392 393 394 395 396 397 398 399 400 401 402 403 404 405 406 407 408 
2449 384 385 386 387 388 389 390 391 392 393 394 395 396 397 398 399 400 401 402 403 404 405 406 407 408 409 
2450 385 386 387 388 389 390 391 392 393 394 395 396 397 398 399 400 401 402 403 404 405 406 407 408 409 410 
2451 386 387 388 389 390 391 392 393 394 395 396 397 398 399 400 401 402 403 404 405 406 407 408 409 410 411 412 
2452 388 389 390 391 392 393 394 395 396 397 398 399 400 401 402 403 404 405 406 407 408 409 410 411 412 413 414 
2453 389 390 391 392 393 394 395 396 397 398 399 400 401 402 403 404 405 406 407 408 409 410 411 412 413 414 415 
2454 390 391 392 393 394 395 396 397 398 399 400 401 402 403 404 405 406 407 408 409 410 411 412 413 414 415 416 417 
2455 391 392 393 394 395 396 397 398 399 400 401 402 403 404 405 406 407 408 409 410 411 412 413 414 415 416 417 418 419 
2456 392 393 394 395 396 397 398 399 400 401 402 403 404 405 406 407 408 409 410 411 412 413 414 415 416 417 418 419 420 421 
2457 393 394 395 396 397 398 399 400 401 402 403 404 405 406 407 408 409 410 411 412 413 414 415 416 417 418 419 420 421 422 
2458 394 395 396 397 398 399 400 401 402 403 404 405 406 407 408 409 410 411 412 413 414 415 416 417 418 419 420 421 422 423 424 
2459 395 396 397 398 399 400 401 402 403 404 405 406 407 408 409 410 411 412 413 414 415 416 417 418 419 420 421 422 423 424 425 426 
2460 396 397 398 399 400 401 402 403 404 405 406 407 408 409 410 411 412 413 414 415 416 417 418 419 420 421 422 423 424 425 426 427 428 
2461 398 399 400 401 402 403 404 405 406 407 408 409 410 411 412 413 414 415 416 417 418 419 420 421 422 423 424 425 426 427 428 429 430 
2462 399 400 401 402 403 404 405 406 407 408 409 410 411 412 413 414 415 416 417 418 419 420 421 422 423 424 425 426 427 428 429 430 431 
2463 400 401 402 403 404 405 406 407 408 409 410 411 412 413 414 415 416 417 418 419 420 421 422 423 424 425 426 427 428 429 430 431 432 
2464 401 402 403 404 405 406 407 408 409 410 411 412 413 414 415 416 417 418 419 420 421 422 423 424 425 426 427 428 429 430 431 432 433 
2465 403 404 405 406 407 408 409 410 411 412 413 414 415 416 417 418 419 420 421 422 423 424 425 426 427 428 429 430 431 432 433 434 
2466 404 405 406 407 408 409 410 411 412 413 414 415 416 417 418 419 420 421 422 423 424 425 426 427 428 429 430 431 432 433 434 
2467 406 407 408 409 410 411 412 413 414 415 416 417 418 419 420 421 422 423 424 425 426 427 428 429 430 431 432 433 434 435 
2468 408 409 410 411 412 413 414 415 416 417 418 419 420 421 422 423 424 425 426 427 428 429 430 431 432 433 434 435 
2469 409 410 411 412 413 414 415 416 417 418 419 420 421 422 423 424 425 426 427 428 429 430 431 432 433 434 435 
2470 411 412 413 414 415 416 417 418 419 420 421 422 423 424 425 426 427 428 429 430 431 432 433 434 435 
2471 413 414 415 416 417 418 419 420 421 422 423 424 425 426 427 428 429 430 431 432 433 434 435 
2472 415 416 417 418 419 420 421 422 423 424 425 426 427 428 429 430 431 432 433 434 
2473 417 418 419 420 421 422 423 424 425 426 427 428 429 430 431 432 433 
2474 420 421 422 423 424 425 426 427 428 429 430 431 
2475 426 427 
3267 2339 2340 2341 2342 2343 2344 
3268 2337 2338 2339 2340 2341 2342 2343 2344 2345 
3269 2336 2337 2338 2339 2340 2341 2342 2343 2344 2345 2346 2347 
3270 2335 2336 2337 2338 2339 2340 2341 2342 2343 2344 2345 2346 2347 2348 
3271 2334 2335 2336 2337 2338 2339 2340 2341 2342 2343 2344 2345 2346 2347 2348 2349 
3272 2334 2335 2336 2337 2338 2339 2340 2341 2342 2343 2344 2345 2346 2347 2348 2349 
3273 2333 2334 2335 2336 2337 2338 2339 2340 2341 2342 2343 2344 2345 2346 2347 2348 2349 2350 
3274 2333 2334 2335 2336 2337 2338 2339 2340 2341 2342 2343 2344 2345 2346 2347 2348 2349 2350 2351 
3275 2333 2334 2335 2336 2337 2338 2339 2340 2341 2342 2343 2344 2345 2346 2347 2348 2349 2350 2351 
3276 2333 2334 2335 2336 2337 2338 2339 2340 2341 2342 2343 2344 2345 2346 2347 2348 2349 2350 2351 2352 
3277 2333 2334 2335 2336 2337 2338 2339 2340 2341 2342 2343 2344 2345 2346 2347 2348 2349 2350 2351 2352 
3278 2333 2334 2335 2336 2337 2338 2339 2340 2341 2342 2343 2344 2345 2346 2347 2348 2349 2350 2351 2352 2353 
3279 2333 2334 2335 2336 2337 2338 2339 2340 2341 2342 2343 2344 2345 2346 2347 2348 2349 2350 2351 2352 2353 
3280 2333 2334 2335 2336 2337 2338 2339 2340 2341 2342 2343 2344 2345 2346 2347 2348 2349 2350 2351 2352 2353 2354 
3281 2334 2335 2336 2337 2338 2339 2340 2341 2342 2343 2344 2345 2346 2347 2348 2349 2350 2351 2352 2353 2354 
3282 2334 2335 2336 2337 2338 2339 2340 2341 2342 2343 2344 2345 2346 2347 2348 2349 2350 2351 2352 2353 2354 2355 
3283 2335 2336 2337 2338 2339 2340 2341 2342 2343 2344 2345 2346 2347 2348 2349 2350 2351 2352 2353 2354 2355 2356 
3284 2335 2336 2337 2338 2339 2340 2341 2342 2343 2344 2345 2346 2347 2348 2349 2350 2351 2352 2353 2354 2355 2356 
3285 2336 2337 2338 2339 2340 2341 2342 2343 2344 2345 2346 2347 2348 2349 2350 2351 2352 2353 2354 2355 2356 2357 
3286 2336 2337 2338 2339 2340 2341 2342 2343 2344 2345 2346 2347 2348 2349 2350 2351 2352 2353 2354 2355 2356 2357 
3287 2337 2338 2339 2340 2341 2342 2343 2344 2345 2346 2347 2348 2349 2350 2351 2352 2353 2354 2355 2356 2357 2358 
3288 2338 2339 2340 2341 2342 2343 2344 2345 2346 2347 2348 2349 2350 2351 2352 2353 2354 2355 2356 2357 2358 
3289 2339 2340 2341 2342 2343 2344 2345 2346 2347 2348 2349 2350 2351 2352 2353 2354 2355 2356 2357 2358 2359 
3290 2340 2341 2342 2343 2344 2345 2346 2347 2348 2349 2350 2351 2352 2353 2354 2355 2356 2357 2358 2359 
3291 2340 2341 2342 2343 2344 2345 2346 2347 2348 2349 2350 2351 2352 2353 2354 2355 2356 2357 2358 2359 2360 
3292 2341 2342 2343 2344 2345 2346 2347 2348 2349 2350 2351 2352 2353 2354 2355 2356 2357 2358 2359 2360 2361 
3293 2342 2343 2344 2345 2346 2347 2348 2349 2350 2351 2352 2353 2354 2355 2356 2357 2358 2359 2360 2361 
3294 2343 2344 2345 2346 2347 2348 2349 2350 2351 2352 2353 2354 2355 2356 2357 2358 2359 2360 2361 2362 
3295 2344 2345 2346 2347 2348 2349 2350 2351 2352 2353 2354 2355 2356 2357 2358 2359 2360 2361 2362 
3296 2345 2346 2347 2348 2349 2350 2351 2352 2353 2354 2355 2356 2357 2358 2359 2360 2361 2362 2363 
3297 2346 2347 2348 2349 2350 2351 2352 2353 2354 2355 2356 2357 2358 2359 2360 2361 2362 2363 2364 
3298 2347 2348 2349 2350 2351 2352 2353 2354 2355 2356 2357 2358 2359 2360 2361 2362 2363 2364 
3299 2348 2349 2350 2351 2352 2353 2354 2355 2356 2357 2358 2359 2360 2361 2362 2363 2364 2365 
3300 2349 2350 2351 2352 2353 2354 2355 2356 2357 2358 2359 2360 2361 2362 2363 2364 2365 2366 
3301 2350 2351 2352 2353 2354 2355 2356 2357 2358 2359 2360 2361 2362 2363 2364 2365 2366 
3302 2351 2352 2353 2354 2355 2356 2357 2358 2359 2360 2361 2362 2363 2364 2365 2366 2367 
3303 2352 2353 2354 2355 2356 2357 2358 2359 2360 2361 2362 2363 2364 2365 2366 2367 2368 
3304 2353 2354 2355 2356 2357 2358 2359 2360 2361 2362 2363 2364 2365 2366 2367 2368 2369 
3305 2354 2355 2356 2357 2358 2359 2360 2361 2362 2363 2364 2365 2366 2367 2368 2369 2370 
3306 2355 2356 2357 2358 2359 2360 2361 2362 2363 2364 2365 2366 2367 2368 2369 2370 
3307 2356 2357 2358 2359 2360 2361 2362 2363 2364 2365 2366 2367 2368 2369 2370 2371 
3308 2356 2357 2358 2359 2360 2361 2362 2363 2364 2365 2366 2367 2368 2369 2370 2371 2372 
3309 2357 2358 2359 2360 2361 2362 2363 2364 2365 2366 2367 2368 2369 2370 2371 2372 2373 
3310 2358 2359 2360 2361 2362 2363 2364 2365 2366 2367 2368 2369 2370 2371 2372 2373 2374 
3311 2359 2360 2361 2362 2363 2364 2365 2366 2367 2368 2369 2370 2371 2372 2373 2374 2375 
3312 2361 2362 2363 2364 2365 2366 2367 2368 2369 2370 2371 2372 2373 2374 2375 2376 
3313 2362 2363 2364 2365 2366 2367 2368 2369 2370 2371 2372 2373 2374 2375 2376 
3314 2363 2364 2365 2366 2367 2368 2369 2370 2371 2372 2373 2374 2375 2376 2377 
3315 2364 2365 2366 2367 2368 2369 2370 2371 2372 2373 2374 2375 2376 2377 2378 
3316 2365 2366 2367 2368 2369 2370 2371 2372 2373 2374 2375 2376 2377 2378 2379 
3317 2366 2367 2368 2369 2370 2371 2372 2373 2374 2375 2376 2377 2378 2379 2380 
3318 2367 2368 2369 2370 2371 2372 2373 2374 2375 2376 2377 2378 2379 2380 2381 
3319 2368 2369 2370 2371 2372 2373 2374 2375 2376 2377 2378 2379 2380 2381 2382 
3320 2369 2370 2371 2372 2373 2374 2375 2376 2377 2378 2379 2380 2381 2382 2383 
3321 2370 2371 2372 2373 2374 2375 2376 2377 2378 2379 2380 2381 2382 2383 2384 
3322 2371 2372 2373 2374 2375 2376 2377 2378 2379 2380 2381 2382 2383 2384 2385 
3323 2371 2372 2373 2374 2375 2376 2377 2378 2379 2380 2381 2382 2383 2384 2385 2386 
3324 2372 2373 2374 2375 2376 2377 2378 2379 2380 2381 2382 2383 2384 2385 2386 2387 
3325 2373 2374 2375 2376 2377 2378 2379 2380 2381 2382 2383 2384 2385 2386 2387 2388 
3326 2374 2375 2376 2377 2378 2379 2380 2381 2382 2383 2384 2385 2386 2387 2388 2389 
3327 2375 2376 2377 2378 2379 2380 2381 2382 2383 2384 2385 2386 2387 2388 2389 2390 
3328 2376 2377 2378 2379 2380 2381 2382 2383 2384 2385 2386 2387 2388 2389 2390 2391 2392 
3329 2377 2378 2379 2380 2381 2382 2383 2384 2385 2386 2387 2388 2389 2390 2391 2392 2393 
3330 2378 2379 2380 2381 2382 2383 2384 2385 2386 2387 2388 2389 2390 2391 2392 2393 2394 
3331 2379 2380 2381 2382 2383 2384 2385 2386 2387 2388 2389 2390 2391 2392 2393 2394 2395 
3332 2380 2381 2382 2383 2384 2385 2386 2387 2388 2389 2390 2391 2392 2393 2394 2395 2396 
3333 2381 2382 2383 2384 2385 2386 2387 2388 2389 2390 2391 2392 2393 2394 2395 2396 2397 
3334 2382 2383 2384 2385 2386 2387 2388 2389 2390 2391 2392 2393 2394 2395 2396 2397 2398 
3335 2383 2384 2385 2386 2387 2388 2389 2390 2391 2392 2393 2394 2395 2396 2397 2398 2399 
3336 2384 2385 2386 2387 2388 2389 2390 2391 2392 2393 2394 2395 2396 2397 2398 2399 2400 
3337 2385 2386 2387 2388 2389 2390 2391 2392 2393 2394 2395 2396 2397 2398 2399 2400 2401 
3338 2386 2387 2388 2389 2390 2391 2392 2393 2394 2395 2396 2397 2398 2399 2400 2401 2402 
3339 2387 2388 2389 2390 2391 2392 2393 2394 2395 2396 2397 2398 2399 2400 2401 2402 2403 
3340 2388 2389 2390 2391 2392 2393 2394 2395 2396 2397 2398 2399 2400 2401 2402 2403 2404 
3341 2389 2390 2391 2392 2393 2394 2395 2396 2397 2398 2399 2400 2401 2402 2403 2404 2405 
3342 2390 2391 2392 2393 2394 2395 2396 2397 2398 2399 2400 2401 2402 2403 2404 2405 2406 
3343 2391 2392 2393 2394 2395 2396 2397 2398 2399 2400 2401 2402 2403 2404 2405 2406 2407 
3344 2392 2393 2394 2395 2396 2397 2398 2399 2400 2401 2402 2403 2404 2405 2406 2407 2408 2409 
3345 2393 2394 2395 2396 2397 2398 2399 2400 2401 2402 2403 2404 2405 2406 2407 2408 2409 2410 
3346 2394 2395 2396 2397 2398 2399 2400 2401 2402 2403 2404 2405 2406 2407 2408 2409 2410 2411 
3347 2395 2396 2397 2398 2399 2400 2401 2402 2403 2404 2405 2406 2407 2408 2409 2410 2411 2412 
3348 2396 2397 2398 2399 2400 2401 2402 2403 2404 2405 2406 2407 2408 2409 2410 2411 2412 2413 2414 
3349 2397 2398 2399 2400 2401 2402 2403 2404 2405 2406 2407 2408 2409 2410 2411 2412 2413 2414 2415 
3350 2398 2399 2400 2401 2402 2403 2404 2405 2406 2407 2408 2409 2410 2411 2412 2413 2414 2415 2416 
3351 2399 2400 2401 2402 2403 2404 2405 2406 2407 2408 2409 2410 2411 2412 2413 2414 2415 2416 2417 2418 
3352 2400 2401 2402 2403 2404 2405 2406 2407 2408 2409 2410 2411 2412 2413 2414 2415 2416 2417 2418 2419 
3353 2400 2401 2402 2403 2404 2405 2406 2407 2408 2409 2410 2411 2412 2413 2414 2415 2416 2417 2418 2419 2420 2421 
3354 2401 2402 2403 2404 2405 2406 2407 2408 2409 2410 2411 2412 2413 2414 2415 2416 2417 2418 2419 2420 2421 2422 
3355 2402 2403 2404 2405 2406 2407 2408 2409 2410 2411 2412 2413 2414 2415 2416 2417 2418 2419 2420 2421 2422 2423 
3356 2403 2404 2405 2406 2407 2408 2409 2410 2411 2412 2413 2414 2415 2416 2417 2418 2419 2420 2421 2422 2423 2424 2425 
3357 2404 2405 2406 2407 2408 2409 2410 2411 2412 2413 2414 2415 2416 2417 2418 2419 2420 2421 2422 2423 2424 2425 2426 
3358 2404 2405 2406 2407 2408 2409 2410 2411 2412 2413 2414 2415 2416 2417 2418 2419 2420 2421 2422 2423 2424 2425 2426 2427 
3359 2405 2406 2407 2408 2409 2410 2411 2412 2413 2414 2415 2416 2417 2418 2419 2420 2421 2422 2423 2424 2425 2426 2427 2428 
3360 2406 2407 2408 2409 2410 2411 2412 2413 2414 2415 2416 2417 2418 2419 2420 2421 2422 2423 2424 2425 2426 2427 2428 2429 2430 
3361 2407 2408 2409 2410 2411 2412 2413 2414 2415 2416 2417 2418 2419 2420 2421 2422 2423 2424 2425 2426 2427 2428 2429 2430 2431 
3362 2407 2408 2409 2410 2411 2412 2413 2414 2415 2416 2417 2418 2419 2420 2421 2422 2423 2424 2425 2426 2427 2428 2429 2430 2431 2432 
3363 2408 2409 2410 2411 2412 2413 2414 2415 2416 2417 2418 2419 2420 2421 2422 2423 2424 2425 2426 2427 2428 2429 2430 2431 2432 2433 
3364 2408 2409 2410 2411 2412 2413 2414 2415 2416 2417 2418 2419 2420 2421 2422 2423 2424 2425 2426 2427 2428 2429 2430 2431 2432 2433 2434 
3365 2409 2410 2411 2412 2413 2414 2415 2416 2417 2418 2419 2420 2421 2422 2423 2424 2425 2426 2427 2428 2429 2430 2431 2432 2433 2434 
3366 2410 2411 2412 2413 2414 2415 2416 2417 2418 2419 2420 2421 2422 2423 2424 2425 2426 2427 2428 2429 2430 2431 2432 2433 2434 2435 
3367 2410 2411 2412 2413 2414 2415 2416 2417 2418 2419 2420 2421 2422 2423 2424 2425 2426 2427 2428 2429 2430 2431 2432 2433 2434 2435 2436 
3368 2411 2412 2413 2414 2415 2416 2417 2418 2419 2420 2421 2422 2423 2424 2425 2426 2427 2428 2429 2430 2431 2432 2433 2434 2435 2436 2437 
3369 2411 2412 2413 2414 2415 2416 2417 2418 2419 2420 2421 2422 2423 2424 2425 2426 2427 2428 2429 2430 2431 2432 2433 2434 2435 2436 2437 2438 
3370 2412 2413 2414 2415 2416 2417 2418 2419 2420 2421 2422 2423 2424 2425 2426 2427 2428 2429 2430 2431 2432 2433 2434 2435 2436 2437 2438 2439 
3371 2413 2414 2415 2416 2417 2418 2419 2420 2421 2422 2423 2424 2425 2426 2427 2428 2429 2430 2431 2432 2433 2434 2435 2436 2437 2438 2439 
3372 2413 2414 2415 2416 2417 2418 2419 2420 2421 2422 2423 2424 2425 2426 2427 2428 2429 2430 2431 2432 2433 2434 2435 2436 2437 2438 2439 2440 
3373 378 379 380 381 382 383 384 2414 2415 2416 2417 2418 2419 2420 2421 2422 2423 2424 2425 2426 2427 2428 2429 2430 2431 2432 2433 2434 2435 2436 2437 2438 2439 2440 2441 
3374 376 377 378 379 380 381 382 383 384 385 386 2415 2416 2417 2418 2419 2420 2421 2422 2423 2424 2425 2426 2427 2428 2429 2430 2431 2432 2433 2434 2435 2436 2437 2438 2439 2440 2441 2442 
3375 376 377 378 379 380 381 382 383 384 385 386 387 2415 2416 2417 2418 2419 2420 2421 2422 2423 2424 2425 2426 2427 2428 2429 2430 2431 2432 2433 2434 2435 2436 2437 2438 2439 2440 2441 2442 
3376 375 376 377 378 379 380 381 382 383 384 385 386 387 388 389 2416 2417 2418 2419 2420 2421 2422 2423 2424 2425 2426 2427 2428 2429 2430 2431 2432 2433 2434 2435 2436 2437 2438 2439 2440 2441 2442 2443 
3377 374 375 376 377 378 379 380 381 382 383 384 385 386 387 388 389 390 2417 2418 2419 2420 2421 2422 2423 2424 2425 2426 2427 2428 2429 2430 2431 2432 2433 2434 2435 2436 2437 2438 2439 2440 2441 2442 2443 2444 
3378 374 375 376 377 378 379 380 381 382 383 384 385 386 387 388 389 390 2417 2418 2419 2420 2421 2422 2423 2424 2425 2426 2427 2428 2429 2430 2431 2432 2433 2434 2435 2436 2437 2438 2439 2440 2441 2442 2443 2444 
3379 374 375 376 377 378 379 380 381 382 383 384 385 386 387 388 389 390 391 2418 2419 2420 2421 2422 2423 2424 2425 2426 2427 2428 2429 2430 2431 2432 2433 2434 2435 2436 2437 2438 2439 2440 2441 2442 2443 2444 2445 
3380 374 375 376 377 378 379 380 381 382 383 384 385 386 387 388 389 390 391 392 2419 2420 2421 2422 2423 2424 2425 2426 2427 2428 2429 2430 2431 2432 2433 2434 2435 2436 2437 2438 2439 2440 2441 2442 2443 2444 2445 2446 
3381 374 375 376 377 378 379 380 381 382 383 384 385 386 387 388 389 390 391 392 393 2420 2421 2422 2423 2424 2425 2426 2427 2428 2429 2430 2431 2432 2433 2434 2435 2436 2437 2438 2439 2440 2441 2442 2443 2444 2445 2446 
3382 374 375 376 377 378 379 380 381 382 383 384 385 386 387 388 389 390 391 392 393 2420 2421 2422 2423 2424 2425 2426 2427 2428 2429 2430 2431 2432 2433 2434 2435 2436 2437 2438 2439 2440 2441 2442 2443 2444 2445 2446 2447 
3383 374 375 376 377 378 379 380 381 382 383 384 385 386 387 388 389 390 391 392 393 394 2421 2422 2423 2424 2425 2426 2427 2428 2429 2430 2431 2432 2433 2434 2435 2436 2437 2438 2439 2440 2441 2442 2443 2444 2445 2446 2447 2448 
3384 374 375 376 377 378 379 380 381 382 383 384 385 386 387 388 389 390 391 392 393 394 395 2422 2423 2424 2425 2426 2427 2428 2429 2430 2431 2432 2433 2434 2435 2436 2437 2438 2439 2440 2441 2442 2443 2444 2445 2446 2447 2448 
3385 375 376 377 378 379 380 381 382 383 384 385 386 387 388 389 390 391 392 393 394 395 396 2423 2424 2425 2426 2427 2428 2429 2430 2431 2432 2433 2434 2435 2436 2437 2438 2439 2440 2441 2442 2443 2444 2445 2446 2447 2448 2449 
3386 375 376 377 378 379 380 381 382 383 384 385 386 387 388 389 390 391 392 393 394 395 396 2424 2425 2426 2427 2428 2429 2430 2431 2432 2433 2434 2435 2436 2437 2438 2439 2440 2441 2442 2443 2444 2445 2446 2447 2448 2449 2450 
3387 376 377 378 379 380 381 382 383 384 385 386 387 388 389 390 391 392 393 394 395 396 397 2425 2426 2427 2428 2429 2430 2431 2432 2433 2434 2435 2436 2437 2438 2439 2440 2441 2442 2443 2444 2445 2446 2447 2448 2449 2450 
3388 376 377 378 379 380 381 382 383 384 385 386 387 388 389 390 391 392 393 394 395 396 397 398 2426 2427 2428 2429 2430 2431 2432 2433 2434 2435 2436 2437 2438 2439 2440 2441 2442 2443 2444 2445 2446 2447 2448 2449 2450 2451 
3389 377 378 379 380 381 382 383 384 385 386 387 388 389 390 391 392 393 394 395 396 397 398 399 2427 2428 2429 2430 2431 2432 2433 2434 2435 2436 2437 2438 2439 2440 2441 2442 2443 2444 2445 2446 2447 2448 2449 2450 2451 2452 
3390 377 378 379 380 381 382 383 384 385 386 387 388 389 390 391 392 393 394 395 396 397 398 399 400 2427 2428 2429 2430 2431 2432 2433 2434 2435 2436 2437 2438 2439 2440 2441 2442 2443 2444 2445 2446 2447 2448 2449 2450 2451 2452 2453 
3391 378 379 380 381 382 383 384 385 386 387 388 389 390 391 392 393 394 395 396 397 398 399 400 401 2428 2429 2430 2431 2432 2433 2434 2435 2436 2437 2438 2439 2440 2441 2442 2443 2444 2445 2446 2447 2448 2449 2450 2451 2452 2453 
3392 379 380 381 382 383 384 385 386 387 388 389 390 391 392 393 394 395 396 397 398 399 400 401 2429 2430 2431 2432 2433 2434 2435 2436 2437 2438 2439 2440 2441 2442 2443 2444 2445 2446 2447 2448 2449 2450 2451 2452 2453 2454 
3393 379 380 381 382 383 384 385 386 387 388 389 390 391 392 393 394 395 396 397 398 399 400 401 402 2430 2431 2432 2433 2434 2435 2436 2437 2438 2439 2440 2441 2442 2443 2444 2445 2446 2447 2448 2449 2450 2451 2452 2453 2454 2455 
3394 380 381 382 383 384 385 386 387 388 389 390 391 392 393 394 395 396 397 398 399 400 401 402 403 2431 2432 2433 2434 2435 2436 2437 2438 2439 2440 2441 2442 2443 2444 2445 2446 2447 2448 2449 2450 2451 2452 2453 2454 2455 
3395 381 382 383 384 385 386 387 388 389 390 391 392 393 394 395 396 397 398 399 400 401 402 403 404 2432 2433 2434 2435 2436 2437 2438 2439 2440 2441 2442 2443 2444 2445 2446 2447 2448 2449 2450 2451 2452 2453 2454 2455 2456 
3396 381 382 383 384 385 386 387 388 389 390 391 392 393 394 395 396 397 398 399 400 401 402 403 404 405 2433 2434 2435 2436 2437 2438 2439 2440 2441 2442 2443 2444 2445 2446 2447 2448 2449 2450 2451 2452 2453 2454 2455 2456 2457 
3397 382 383 384 385 386 387 388 389 390 391 392 393 394 395 396 397 398 399 400 401 402 403 404 405 406 2434 2435 2436 2437 2438 2439 2440 2441 2442 2443 2444 2445 2446 2447 2448 2449 2450 2451 2452 2453 2454 2455 2456 2457 
3398 383 384 385 386 387 388 389 390 391 392 393 394 395 396 397 398 399 400 401 402 403 404 405 406 407 2435 2436 2437 2438 2439 2440 2441 2442 2443 2444 2445 2446 2447 2448 2449 2450 2451 2452 2453 2454 2455 2456 2457 2458 
3399 384 385 386 387 388 389 390 391 392 393 394 395 396 397 398 399 400 401 402 403 404 405 406 407 408 2436 2437 2438 2439 2440 2441 2442 2443 2444 2445 2446 2447 2448 2449 2450 2451 2452 2453 2454 2455 2456 2457 2458 2459 
3400 384 385 386 387 388 389 390 391 392 393 394 395 396 397 398 399 400 401 402 403 404 405 406 407 408 409 2437 2438 2439 2440 2441 2442 2443 2444 2445 2446 2447 2448 2449 2450 2451 2452 2453 2454 2455 2456 2457 2458 2459 
3401 385 386 387 388 389 390 391 392 393 394 395 396 397 398 399 400 401 402 403 404 405 406 407 408 409 410 2438 2439 2440 2441 2442 2443 2444 2445 2446 2447 2448 2449 2450 2451 2452 2453 2454 2455 2456 2457 2458 2459 2460 
3402 386 387 388 389 390 391 392 393 394 395 396 397 398 399 400 401 402 403 404 405 406 407 408 409 410 411 2439 2440 2441 2442 2443 2444 2445 2446 2447 2448 2449 2450 2451 2452 2453 2454 2455 2456 2457 2458 2459 2460 2461 
3403 387 388 389 390 391 392 393 394 395 396 397 398 399 400 401 402 403 404 405 406 407 408 409 410 411 412 2440 2441 2442 2443 2444 2445 2446 2447 2448 2449 2450 2451 2452 2453 2454 2455 2456 2457 2458 2459 2460 2461 
3404 388 389 390 391 392 393 394 395 396 397 398 399 400 401 402 403 404 405 406 407 408 409 410 411 412 413 414 2441 2442 2443 2444 2445 2446 2447 2448 2449 2450 2451 2452 2453 2454 2455 2456 2457 2458 2459 2460 2461 2462 
3405 388 389 390 391 392 393 394 395 396 397 398 399 400 401 402 403 404 405 406 407 408 409 410 411 412 413 414 415 2441 2442 2443 2444 2445 2446 2447 2448 2449 2450 2451 2452 2453 2454 2455 2456 2457 2458 2459 2460 2461 2462 2463 
3406 389 390 391 392 393 394 395 396 397 398 399 400 401 402 403 404 405 406 407 408 409 410 411 412 413 414 415 416 2442 2443 2444 2445 2446 2447 2448 2449 2450 2451 2452 2453 2454 2455 2456 2457 2458 2459 2460 2461 2462 2463 
3407 390 391 392 393 394 395 396 397 398 399 400 401 402 403 404 405 406 407 408 409 410 411 412 413 414 415 416 417 2443 2444 2445 2446 2447 2448 2449 2450 2451 2452 2453 2454 2455 2456 2457 2458 2459 2460 2461 2462 2463 2464 
3408 391 392 393 394 395 396 397 398 399 400 401 402 403 404 405 406 407 408 409 410 411 412 413 414 415 416 417 418 419 2444 2445 2446 2447 2448 2449 2450 2451 2452 2453 2454 2455 2456 2457 2458 2459 2460 2461 2462 2463 2464 2465 
3409 392 393 394 395 396 397 398 399 400 401 402 403 404 405 406 407 408 409 410 411 412 413 414 415 416 417 418 419 420 2445 2446 2447 2448 2449 2450 2451 2452 2453 2454 2455 2456 2457 2458 2459 2460 2461 2462 2463 2464 2465 
3410 392 393 394 395 396 397 398 399 400 401 402 403 404 405 406 407 408 409 410 411 412 413 414 415 416 417 418 419 420 421 422 2446 2447 2448 2449 2450 2451 2452 2453 2454 2455 2456 2457 2458 2459 2460 2461 2462 2463 2464 2465 2466 
3411 393 394 395 396 397 398 399 400 401 402 403 404 405 406 407 408 409 410 411 412 413 414 415 416 417 418 419 420 421 422 423 2447 2448 2449 2450 2451 2452 2453 2454 2455 2456 2457 2458 2459 2460 2461 2462 2463 2464 2465 2466 2467 
3412 394 395 396 397 398 399 400 401 402 403 404 405 406 407 408 409 410 411 412 413 414 415 416 417 418 419 420 421 422 423 424 425 2447 2448 2449 2450 2451 2452 2453 2454 2455 2456 2457 2458 2459 2460 2461 2462 2463 2464 2465 2466 2467 
3413 395 396 397 398 399 400 401 402 403 404 405 406 407 408 409 410 411 412 413 414 415 416 417 418 419 420 421 422 423 424 425 426 2448 2449 2450 2451 2452 2453 2454 2455 2456 2457 2458 2459 2460 2461 2462 2463 2464 2465 2466 2467 2468 
3414 396 397 398 399 400 401 402 403 404 405 406 407 408 409 410 411 412 413 414 415 416 417 418 419 420 421 422 423 424 425 426 427 2449 2450 2451 2452 2453 2454 2455 2456 2457 2458 2459 2460 2461 2462 2463 2464 2465 2466 2467 2468 
3415 396 397 398 399 400 401 402 403 404 405 406 407 408 409 410 411 412 413 414 415 416 417 418 419 420 421 422 423 424 425 426 427 428 429 2450 2451 2452 2453 2454 2455 2456 2457 2458 2459 2460 2461 2462 2463 2464 2465 2466 2467 2468 2469 
3416 397 398 399 400 401 402 403 404 405 406 407 408 409 410 411 412 413 414 415 416 417 418 419 420 421 422 423 424 425 426 427 428 429 430 2451 2452 2453 2454 2455 2456 2457 2458 2459 2460 2461 2462 2463 2464 2465 2466 2467 2468 2469 2470 
3417 398 399 400 401 402 403 404 405 406 407 408 409 410 411 412 413 414 415 416 417 418 419 420 421 422 423 424 425 426 427 428 429 430 431 2451 2452 2453 2454 2455 2456 2457 2458 2459 2460 2461 2462 2463 2464 2465 2466 2467 2468 2469 2470 
3418 399 400 401 402 403 404 405 406 407 408 409 410 411 412 413 414 415 416 417 418 419 420 421 422 423 424 425 426 427 428 429 430 431 432 433 2452 2453 2454 2455 2456 2457 2458 2459 2460 2461 2462 2463 2464 2465 2466 2467 2468 2469 2470 2471 
3419 400 401 402 403 404 405 406 407 408 409 410 411 412 413 414 415 416 417 418 419 420 421 422 423 424 425 426 427 428 429 430 431 432 433 434 2453 2454 2455 2456 2457 2458 2459 2460 2461 2462 2463 2464 2465 2466 2467 2468 2469 2470 2471 
3420 400 401 402 403 404 405 406 407 408 409 410 411 412 413 414 415 416 417 418 419 420 421 422 423 424 425 426 427 428 429 430 431 432 433 434 2453 2454 2455 2456 2457 2458 2459 2460 2461 2462 2463 2464 2465 2466 2467 2468 2469 2470 2471 2472 
3421 401 402 403 404 405 406 407 408 409 410 411 412 413 414 415 416 417 418 419 420 421 422 423 424 425 426 427 428 429 430 431 432 433 434 435 2454 2455 2456 2457 2458 2459 2460 2461 2462 2463 2464 2465 2466 2467 2468 2469 2470 2471 2472 
3422 402 403 404 405 406 407 408 409 410 411 412 413 414 415 416 417 418 419 420 421 422 423 424 425 426 427 428 429 430 431 432 433 434 435 436 2455 2456 2457 2458 2459 2460 2461 2462 2463 2464 2465 2466 2467 2468 2469 2470 2471 2472 2473 
3423 403 404 405 406 407 408 409 410 411 412 413 414 415 416 417 418 419 420 421 422 423 424 425 426 427 428 429 430 431 432 433 434 435 436 437 2455 2456 2457 2458 2459 2460 2461 2462 2463 2464 2465 2466 2467 2468 2469 2470 2471 2472 2473 
3424 404 405 406 407 408 409 410 411 412 413 414 415 416 417 418 419 420 421 422 423 424 425 426 427 428 429 430 431 432 433 434 435 436 437 438 2456 2457 2458 2459 2460 2461 2462 2463 2464 2465 2466 2467 2468 2469 2470 2471 2472 2473 2474 
3425 404 405 406 407 408 409 410 411 412 413 414 415 416 417 418 419 420 421 422 423 424 425 426 427 428 429 430 431 432 433 434 435 436 437 438 439 2456 2457 2458 2459 2460 2461 2462 2463 2464 2465 2466 2467 2468 2469 2470 2471 2472 2473 2474 
3426 405 406 407 408 409 410 411 412 413 414 415 416 417 418 419 420 421 422 423 424 425 426 427 428 429 430 431 432 433 434 435 436 437 438 439 2457 2458 2459 2460 2461 2462 2463 2464 2465 2466 2467 2468 2469 2470 2471 2472 2473 2474 
3427 406 407 408 409 410 411 412 413 414 415 416 417 418 419 420 421 422 423 424 425 426 427 428 429 430 431 432 433 434 435 436 437 438 439 440 2458 2459 2460 2461 2462 2463 2464 2465 2466 2467 2468 2469 2470 2471 2472 2473 2474 2475 
3428 407 408 409 410 411 412 413 414 415 416 417 418 419 420 421 422 423 424 425 426 427 428 429 430 431 432 433 434 435 436 437 438 439 440 441 2458 2459 2460 2461 2462 2463 2464 2465 2466 2467 2468 2469 2470 2471 2472 2473 2474 2475 
3429 408 409 410 411 412 413 414 415 416 417 418 419 420 421 422 423 424 425 426 427 428 429 430 431 432 433 434 435 436 437 438 439 440 441 442 2459 2460 2461 2462 2463 2464 2465 2466 2467 2468 2469 2470 2471 2472 2473 2474 2475 
3430 409 410 411 412 413 414 415 416 417 418 419 420 421 422 423 424 425 426 427 428 429 430 431 432 433 434 435 436 437 438 439 440 441 442 2460 2461 2462 2463 2464 2465 2466 2467 2468 2469 2470 2471 2472 2473 2474 2475 
3431 410 411 412 413 414 415 416 417 418 419 420 421 422 423 424 425 426 427 428 429 430 431 432 433 434 435 436 437 438 439 440 441 442 443 2460 2461 2462 2463 2464 2465 2466 2467 2468 2469 2470 2471 2472 2473 2474 2475 
3432 411 412 413 414 415 416 417 418 419 420 421 422 423 424 425 426 427 428 429 430 431 432 433 434 435 436 437 438 439 440 441 442 443 444 2461 2462 2463 2464 2465 2466 2467 2468 2469 2470 2471 2472 2473 2474 2475 
3433 412 413 414 415 416 417 418 419 420 421 422 423 424 425 426 427 428 429 430 431 432 433 434 435 436 437 438 439 440 441 442 443 444 2462 2463 2464 2465 2466 2467 2468 2469 2470 2471 2472 2473 2474 2475 
3434 413 414 415 416 417 418 419 420 421 422 423 424 425 426 427 428 429 430 431 432 433 434 435 436 437 438 439 440 441 442 443 444 445 2462 2463 2464 2465 2466 2467 2468 2469 2470 2471 2472 2473 2474 2475 
3435 414 415 416 417 418 419 420 421 422 423 424 425 426 427 428 429 430 431 432 433 434 435 436 437 438 439 440 441 442 443 444 445 446 2463 2464 2465 2466 2467 2468 2469 2470 2471 2472 2473 2474 
3436 415 416 417 418 419 420 421 422 423 424 425 426 427 428 429 430 431 432 433 434 435 436 437 438 439 440 441 442 443 444 445 446 447 2464 2465 2466 2467 2468 2469 2470 2471 2472 2473 2474 
3437 416 417 418 419 420 421 422 423 424 425 426 427 428 429 430 431 432 433 434 435 436 437 438 439 440 441 442 443 444 445 446 447 2465 2466 2467 2468 2469 2470 2471 2472 2473 
3438 417 418 419 420 421 422 423 424 425 426 427 428 429 430 431 432 433 434 435 436 437 438 439 440 441 442 443 444 445 446 447 448 2467 2468 2469 2470 2471 2472 
3439 418 419 420 421 422 423 424 425 426 427 428 429 430 431 432 433 434 435 436 437 438 439 440 441 442 443 444 445 446 447 448 449 
3440 419 420 421 422 423 424 425 426 427 428 429 430 431 432 433 434 435 436 437 438 439 440 441 442 443 444 445 446 447 448 449 450 
3441 420 421 422 423 424 425 426 427 428 429 430 431 432 433 434 435 436 437 438 439 440 441 442 443 444 445 446 447 448 449 450 
3442 421 422 423 424 425 426 427 428 429 430 431 432 433 434 435 436 437 438 439 440 441 442 443 444 445 446 447 448 449 450 451 
3443 423 424 425 426 427 428 429 430 431 432 433 434 435 436 437 438 439 440 441 442 443 444 445 446 447 448 449 450 451 452 
3444 424 425 426 427 428 429 430 431 432 433 434 435 436 437 438 439 440 441 442 443 444 445 446 447 448 449 450 451 452 
3445 426 427 428 429 430 431 432 433 434 435 436 437 438 439 440 441 442 443 444 445 446 447 448 449 450 451 452 453 
3446 427 428 429 430 431 432 433 434 435 436 437 438 439 440 441 442 443 444 445 446 447 448 449 450 451 452 453 454 
3447 429 430 431 432 433 434 435 436 437 438 439 440 441 442 443 444 445 446 447 448 449 450 451 452 453 454 455 
3448 430 431 432 433 434 435 436 437 438 439 440 441 442 443 444 445 446 447 448 449 450 451 452 453 454 455 456 
3449 432 433 434 435 436 437 438 439 440 441 442 443 444 445 446 447 448 449 450 451 452 453 454 455 456 
3450 433 434 435 436 437 438 439 440 441 442 443 444 445 446 447 448 449 450 451 452 453 454 455 456 457 
3451 435 436 437 438 439 440 441 442 443 444 445 446 447 448 449 450 451 452 453 454 455 456 457 458 
3452 436 437 438 439 440 441 442 443 444 445 446 447 448 449 450 451 452 453 454 455 456 457 458 459 
3453 438 439 440 441 442 443 444 445 446 447 448 449 450 451 452 453 454 455 456 457 458 459 460 
3454 439 440 441 442 443 444 445 446 447 448 449 450 451 452 453 454 455 456 457 458 459 460 461 
3455 441 442 443 444 445 446 447 448 449 450 451 452 453 454 455 456 457 458 459 460 461 
3456 442 443 444 445 446 447 448 449 450 451 452 453 454 455 456 457 458 459 460 461 462 
3457 443 444 445 446 447 448 449 450 451 452 453 454 455 456 457 458 459 460 461 462 463 
3458 445 446 447 448 449 450 451 452 453 454 455 456 457 458 459 460 461 462 463 464 
3459 446 447 448 449 450 451 452 453 454 455 456 457 458 459 460 461 462 463 464 465 
3460 448 449 450 451 452 453 454 455 456 457 458 459 460 461 462 463 464 465 466 
3461 449 450 451 452 453 454 455 456 457 458 459 460 461 462 463 464 465 466 467 
3462 450 451 452 453 454 455 456 457 458 459 460 461 462 463 464 465 466 467 468 
3463 451 452 453 454 455 456 457 458 459 460 461 462 463 464 465 466 467 468 469 
3464 453 454 455 456 457 458 459 460 461 462 463 464 465 466 467 468 469 470 
3465 454 455 456 457 458 459 460 461 462 463 464 465 466 467 468 469 470 471 472 
3466 455 456 457 458 459 460 461 462 463 464 465 466 467 468 469 470 471 472 473 
3467 456 457 458 459 460 461 462 463 464 465 466 467 468 469 470 471 472 473 474 
3468 458 459 460 461 462 463 464 465 466 467 468 469 470 471 472 473 474 475 
3469 459 460 461 462 463 464 465 466 467 468 469 470 471 472 473 474 475 476 
3470 460 461 462 463 464 465 466 467 468 469 470 471 472 473 474 475 476 477 
3471 461 462 463 464 465 466 467 468 469 470 471 472 473 474 475 476 477 478 
3472 462 463 464 465 466 467 468 469 470 471 472 473 474 475 476 477 478 479 480 
3473 464 465 466 467 468 469 470 471 472 473 474 475 476 477 478 479 480 481 
3474 465 466 467 468 469 470 471 472 473 474 475 476 477 478 479 480 481 482 
3475 466 467 468 469 470 471 472 473 474 475 476 477 478 479 480 481 482 483 484 
3476 467 468 469 470 471 472 473 474 475 476 477 478 479 480 481 482 483 484 485 
3477 469 470 471 472 473 474 475 476 477 478 479 480 481 482 483 484 485 486 
3478 470 471 472 473 474 475 476 477 478 479 480 481 482 483 484 485 486 487 
3479 471 472 473 474 475 476 477 478 479 480 481 482 483 484 485 486 487 488 489 
3480 472 473 474 475 476 477 478 479 480 481 482 483 484 485 486 487 488 489 490 
3481 474 475 476 477 478 479 480 481 482 483 484 485 486 487 488 489 490 491 
3482 475 476 477 478 479 480 481 482 483 484 485 486 487 488 489 490 491 492 493 
3483 476 477 478 479 480 481 482 483 484 485 486 487 488 489 490 491 492 493 494 
3484 477 478 479 480 481 482 483 484 485 486 487 488 489 490 491 492 493 494 495 
3485 479 480 481 482 483 484 485 486 487 488 489 490 491 492 493 494 495 496 497 
3486 480 481 482 483 484 485 486 487 488 489 490 491 492 493 494 495 496 497 498 
3487 481 482 483 484 485 486 487 488 489 490 491 492 493 494 495 496 497 498 499 500 
3488 482 483 484 485 486 487 488 489 490 491 492 493 494 495 496 497 498 499 500 501 
3489 483 484 485 486 487 488 489 490 491 492 493 494 495 496 497 498 499 500 501 502 
3490 485 486 487 488 489 490 491 492 493 494 495 496 497 498 499 500 501 502 503 504 
3491 486 487 488 489 490 491 492 493 494 495 496 497 498 499 500 501 502 503 504 505 
3492 487 488 489 490 491 492 493 494 495 496 497 498 499 500 501 502 503 504 505 506 507 
3493 488 489 490 491 492 493 494 495 496 497 498 499 500 501 502 503 504 505 506 507 508 
3494 490 491 492 493 494 495 496 497 498 499 500 501 502 503 504 505 506 507 508 509 510 
3495 491 492 493 494 495 496 497 498 499 500 501 502 503 504 505 506 507 508 509 510 511 512 
3496 492 493 494 495 496 497 498 499 500 501 502 503 504 505 506 507 508 509 510 511 512 513 
3497 493 494 495 496 497 498 499 500 501 502 503 504 505 506 507 508 509 510 511 512 513 514 515 
3498 494 495 496 497 498 499 500 501 502 503 504 505 506 507 508 509 510 511 512 513 514 515 516 517 
3499 496 497 498 499 500 501 502 503 504 505 506 507 508 509 510 511 512 513 514 515 516 517 518 519 
3500 497 498 499 500 501 502 503 504 505 506 507 508 509 510 511 512 513 514 515 516 517 518 519 520 521 
3501 498 499 500 501 502 503 504 505 506 507 508 509 510 511 512 513 514 515 516 517 518 519 520 521 522 523 
3502 499 500 501 502 503 504 505 506 507 508 509 510 511 512 513 514 515 516 517 518 519 520 521 522 523 524 525 
3503 500 501 502 503 504 505 506 507 508 509 510 511 512 513 514 515 516 517 518 519 520 521 522 523 524 525 526 527 528 
3504 501 502 503 504 505 506 507 508 509 510 511 512 513 514 515 516 517 518 519 520 521 522 523 524 525 526 527 528 529 530 531 
3505 502 503 504 505 506 507 508 509 510 511 512 513 514 515 516 517 518 519 520 521 522 523 524 525 526 527 528 529 530 531 532 533 534 535 536 
3506 503 504 505 506 507 508 509 510 511 512 513 514 515 516 517 518 519 520 521 522 523 524 525 526 527 528 529 530 531 532 533 534 535 536 537 538 539 540 541 542 543 544 545 546 547 548 549 550 551 552 553 554 555 556 557 558 559 560 561 
3507 504 505 506 507 508 509 510 511 512 513 514 515 516 517 518 519 520 521 522 523 524 525 526 527 528 529 530 531 532 533 534 535 536 537 538 539 540 541 542 543 544 545 546 547 548 549 550 551 552 553 554 555 556 557 558 559 560 561 562 563 564 565 566 
3508 505 506 507 508 509 510 511 512 513 514 515 516 517 518 519 520 521 522 523 524 525 526 527 528 529 530 531 532 533 534 535 536 537 538 539 540 541 542 543 544 545 546 547 548 549 550 551 552 553 554 555 556 557 558 559 560 561 562 563 564 565 566 567 568 569 
3509 506 507 508 509 510 511 512 513 514 515 516 517 518 519 520 521 522 523 524 525 526 527 528 529 530 531 532 533 534 535 536 537 538 539 540 541 542 543 544 545 546 547 548 549 550 551 552 553 554 555 556 557 558 559 560 561 562 563 564 565 566 567 568 569 570 571 572 
3510 507 508 509 510 511 512 513 514 515 516 517 518 519 520 521 522 523 524 525 526 527 528 529 530 531 532 533 534 535 536 537 538 539 540 541 542 543 544 545 546 547 548 549 550 551 552 553 554 555 556 557 558 559 560 561 562 563 564 565 566 567 568 569 570 571 572 573 574 
3511 508 509 510 511 512 513 514 515 516 517 518 519 520 521 522 523 524 525 526 527 528 529 530 531 532 533 534 535 536 537 538 539 540 541 542 543 544 545 546 547 548 549 550 551 552 553 554 555 556 557 558 559 560 561 562 563 564 565 566 567 568 569 570 571 572 573 574 575 576 
3512 509 510 511 512 513 514 515 516 517 518 519 520 521 522 523 524 525 526 527 528 529 530 531 532 533 534 535 536 537 538 539 540 541 542 543 544 545 546 547 548 549 550 551 552 553 554 555 556 557 558 559 560 561 562 563 564 565 566 567 568 569 570 571 572 573 574 575 576 577 578 
3513 509 510 511 512 513 514 515 516 517 518 519 520 521 522 523 524 525 526 527 528 529 530 531 532 533 534 535 536 537 538 539 540 541 542 543 544 545 546 547 548 549 550 551 552 553 554 555 556 557 558 559 560 561 562 563 564 565 566 567 568 569 570 571 572 573 574 575 576 577 578 579 580 
3514 510 511 512 513 514 515 516 517 518 519 520 521 522 523 524 525 526 527 528 529 530 531 532 533 534 535 536 537 538 539 540 541 542 543 544 545 546 547 548 549 550 551 552 553 554 555 556 557 558 559 560 561 562 563 564 565 566 567 568 569 570 571 572 573 574 575 576 577 578 579 580 581 
3515 511 512 513 514 515 516 517 518 519 520 521 522 523 524 525 526 527 528 529 530 531 532 533 534 535 536 537 538 539 540 541 542 543 544 545 546 547 548 549 550 551 552 553 554 555 556 557 558 559 560 561 562 563 564 565 566 567 568 569 570 571 572 573 574 575 576 577 578 579 580 581 582 583 
3516 512 513 514 515 516 517 518 519 520 521 522 523 524 525 526 527 528 529 530 531 532 533 534 535 536 537 538 539 540 541 542 543 544 545 546 547 548 549 550 551 552 553 554 555 556 557 558 559 560 561 562 563 564 565 566 567 568 569 570 571 572 573 574 575 576 577 578 579 580 581 582 583 584 
3517 512 513 514 515 516 517 518 519 520 521 522 523 524 525 526 527 528 529 530 531 532 533 534 535 536 537 538 539 540 541 542 543 544 545 546 547 548 549 550 551 552 553 554 555 556 557 558 559 560 561 562 563 564 565 566 567 568 569 570 571 572 573 574 575 576 577 578 579 580 581 582 583 584 585 
3518 513 514 515 516 517 518 519 520 521 522 523 524 525 526 527 528 529 530 531 532 533 534 535 536 537 538 539 540 541 542 543 544 545 546 547 548 549 550 551 552 553 554 555 556 557 558 559 560 561 562 563 564 565 566 567 568 569 570 571 572 573 574 575 576 577 578 579 580 581 582 583 584 585 586 
3519 514 515 516 517 518 519 520 521 522 523 524 525 526 527 528 529 530 531 532 533 534 535 536 537 538 539 540 541 542 543 544 545 546 547 548 549 550 551 552 553 554 555 556 557 558 559 560 561 562 563 564 565 566 567 568 569 570 571 572 573 574 575 576 577 578 579 580 581 582 583 584 585 586 587 
3520 514 515 516 517 518 519 520 521 522 523 524 525 526 527 528 529 530 531 532 533 534 535 536 537 538 539 540 541 542 543 544 545 546 547 548 549 550 551 552 553 554 555 556 557 558 559 560 561 562 563 564 565 566 567 568 569 570 571 572 573 574 575 576 577 578 579 580 581 582 583 584 585 586 587 588 
3521 515 516 517 518 519 520 521 522 523 524 525 526 527 528 529 530 531 532 533 534 535 536 537 538 539 540 541 542 543 544 545 546 547 548 549 550 551 552 553 554 555 556 557 558 559 560 561 562 563 564 565 566 567 568 569 570 571 572 573 574 575 576 577 578 579 580 581 582 583 584 585 586 587 588 589 
3522 515 516 517 518 519 520 521 522 523 524 525 526 527 528 529 530 531 532 533 534 535 536 537 538 539 540 541 542 543 544 545 546 547 548 549 550 551 552 553 554 555 556 557 558 559 560 561 562 563 564 565 566 567 568 569 570 571 572 573 574 575 576 577 578 579 580 581 582 583 584 585 586 587 588 589 
3523 516 517 518 519 520 521 522 523 524 525 526 527 528 529 530 531 532 533 534 535 536 537 538 539 540 541 542 543 544 545 546 547 548 549 550 551 552 553 554 555 556 557 558 559 560 561 562 563 564 565 566 567 568 569 570 571 572 573 574 575 576 577 578 579 580 581 582 583 584 585 586 587 588 589 590 
3524 516 517 518 519 520 521 522 523 524 525 526 527 528 529 530 531 532 533 534 535 536 537 538 539 540 541 542 543 544 545 546 547 548 549 550 551 552 553 554 555 556 557 558 559 560 561 562 563 564 565 566 567 568 569 570 571 572 573 574 575 576 577 578 579 580 581 582 583 584 585 586 587 588 589 590 591 
3525 517 518 519 520 521 522 523 524 525 526 527 528 529 530 531 532 533 534 535 536 537 538 539 540 541 542 543 544 545 546 547 548 549 550 551 552 553 554 555 556 557 558 559 560 561 562 563 564 565 566 567 568 569 570 571 572 573 574 575 576 577 578 579 580 581 582 583 584 585 586 587 588 589 590 591 
3526 517 518 519 520 521 522 523 524 525 526 527 528 529 530 531 532 533 534 535 536 537 538 539 540 541 542 543 544 545 546 547 548 549 550 551 552 553 554 555 556 557 558 559 560 561 562 563 564 565 566 567 568 569 570 571 572 573 574 575 576 577 578 579 580 581 582 583 584 585 586 587 588 589 590 591 592 
3527 517 518 519 520 521 522 523 524 525 526 527 528 529 530 531 532 533 534 535 536 537 538 539 540 541 542 543 544 545 546 547 548 549 550 551 552 553 554 555 556 557 558 559 560 561 562 563 564 565 566 567 568 569 570 571 572 573 574 575 576 577 578 579 580 581 582 583 584 585 586 587 588 589 590 591 592 
3528 518 519 520 521 522 523 524 525 526 527 528 529 530 531 532 533 534 535 536 537 538 539 540 541 542 543 544 545 546 547 548 549 550 551 552 553 554 555 556 557 558 559 560 561 562 563 564 565 566 567 568 569 570 571 572 573 574 575 576 577 578 579 580 581 582 583 584 585 586 587 588 589 590 591 592 593 
3529 518 519 520 521 522 523 524 525 526 527 528 529 530 531 532 533 534 535 536 537 538 539 540 541 542 543 544 545 546 547 548 549 550 551 552 553 554 555 556 557 558 559 560 561 562 563 564 565 566 567 568 569 570 571 572 573 574 575 576 577 578 579 580 581 582 583 584 585 586 587 588 589 590 591 592 593 
3530 519 520 521 522 523 524 525 526 527 528 529 530 531 532 533 534 535 536 537 538 539 540 541 542 543 544 545 546 547 548 549 550 551 552 553 554 555 556 557 558 559 560 561 562 563 564 565 566 567 568 569 570 571 572 573 574 575 576 577 578 579 580 581 582 583 584 585 586 587 588 589 590 591 592 593 
3531 519 520 521 522 523 524 525 526 527 528 529 530 531 532 533 534 535 536 537 538 539 540 541 542 543 544 545 546 547 548 549 550 551 552 553 554 555 556 557 558 559 560 561 562 563 564 565 566 567 568 569 570 571 572 573 574 575 576 577 578 579 580 581 582 583 584 585 586 587 588 589 590 591 592 593 594 
3532 520 521 522 523 524 525 526 527 528 529 530 531 532 533 534 535 536 537 538 539 540 541 542 543 544 545 546 547 548 549 550 551 552 553 554 555 556 557 558 559 560 561 562 563 564 565 566 567 568 569 570 571 572 573 574 575 576 577 578 579 580 581 582 583 584 585 586 587 588 589 590 591 592 593 594 
3533 520 521 522 523 524 525 526 527 528 529 530 531 532 533 534 535 536 537 538 539 540 541 542 543 544 545 546 547 548 549 550 551 552 553 554 555 556 557 558 559 560 561 562 563 564 565 566 567 568 569 570 571 572 573 574 575 576 577 578 579 580 581 582 583 584 585 586 587 588 589 590 591 592 593 594 595 
3534 521 522 523 524 525 526 527 528 529 530 531 532 533 534 535 536 537 538 539 540 541 542 543 544 545 546 547 548 549 550 551 552 553 554 555 556 557 558 559 560 561 562 563 564 565 566 567 568 569 570 571 572 573 574 575 576 577 578 579 580 581 582 583 584 585 586 587 588 589 590 591 592 593 594 595 
3535 521 522 523 524 525 526 527 528 529 530 531 532 533 534 535 536 537 538 539 540 541 542 543 544 545 546 547 548 549 550 551 552 553 554 555 556 557 558 559 560 561 562 563 564 565 566 567 568 569 570 571 572 573 574 575 576 577 578 579 580 581 582 583 584 585 586 587 588 589 590 591 592 593 594 595 
3536 522 523 524 525 526 527 528 529 530 531 532 533 534 535 536 537 538 539 540 541 542 543 544 545 546 547 548 549 550 551 552 553 554 555 556 557 558 559 560 561 562 563 564 565 566 567 568 569 570 571 572 573 574 575 576 577 578 579 580 581 582 583 584 585 586 587 588 589 590 591 592 593 594 595 596 
3537 523 524 525 526 527 528 529 530 531 532 533 534 535 536 537 538 539 540 541 542 543 544 545 546 547 548 549 550 551 552 553 554 555 556 557 558 559 560 561 562 563 564 565 566 567 568 569 570 571 572 573 574 575 576 577 578 579 580 581 582 583 584 585 586 587 588 589 590 591 592 593 594 595 596 1412 1413 
3538 523 524 525 526 527 528 529 530 531 532 533 534 535 536 537 538 539 540 541 542 543 544 545 546 547 548 549 550 551 552 553 554 555 556 557 558 559 560 561 562 563 564 565 566 567 568 569 570 571 572 573 574 575 576 577 578 579 580 581 582 583 584 585 586 587 588 589 590 591 592 593 594 595 596 597 1410 1411 1412 1413 1414 1415 
3539 524 525 526 527 528 529 530 531 532 533 534 535 536 537 538 539 540 541 542 543 544 545 546 547 548 549 550 551 552 553 554 555 556 557 558 559 560 561 562 563 564 565 566 567 568 569 570 571 572 573 574 575 576 577 578 579 580 581 582 583 584 585 586 587 588 589 590 591 592 593 594 595 596 597 1408 1409 1410 1411 1412 1413 1414 1415 
3540 525 526 527 528 529 530 531 532 533 534 535 536 537 538 539 540 541 542 543 544 545 546 547 548 549 550 551 552 553 554 555 556 557 558 559 560 561 562 563 564 565 566 567 568 569 570 571 572 573 574 575 576 577 578 579 580 581 582 583 584 585 586 587 588 589 590 591 592 593 594 595 596 597 598 1407 1408 1409 1410 1411 1412 1413 1414 1415 1416 
3541 526 527 528 529 530 531 532 533 534 535 536 537 538 539 540 541 542 543 544 545 546 547 548 549 550 551 552 553 554 555 556 557 558 559 560 561 562 563 564 565 566 567 568 569 570 571 572 573 574 575 576 577 578 579 580 581 582 583 584 585 586 587 588 589 590 591 592 593 594 595 596 597 598 1406 1407 1408 1409 1410 1411 1412 1413 1414 1415 1416 
3542 527 528 529 530 531 532 533 534 535 536 537 538 539 540 541 542 543 544 545 546 547 548 549 550 551 552 553 554 555 556 557 558 559 560 561 562 563 564 565 566 567 568 569 570 571 572 573 574 575 576 577 578 579 580 581 582 583 584 585 586 587 588 589 590 591 592 593 594 595 596 597 598 599 1405 1406 1407 1408 1409 1410 1411 1412 1413 1414 1415 1416 
3543 528 529 530 531 532 533 534 535 536 537 538 539 540 541 542 543 544 545 546 547 548 549 550 551 552 553 554 555 556 557 558 559 560 561 562 563 564 565 566 567 568 569 570 571 572 573 574 575 576 577 578 579 580 581 582 583 584 585 586 587 588 589 590 591 592 593 594 595 596 597 598 599 1404 1405 1406 1407 1408 1409 1410 1411 1412 1413 1414 1415 1416 
3544 529 530 531 532 533 534 535 536 537 538 539 540 541 542 543 544 545 546 547 548 549 550 551 552 553 554 555 556 557 558 559 560 561 562 563 564 565 566 567 568 569 570 571 572 573 574 575 576 577 578 579 580 581 582 583 584 585 586 587 588 589 590 591 592 593 594 595 596 597 598 599 600 1403 1404 1405 1406 1407 1408 1409 1410 1411 1412 1413 1414 1415 1416 
3545 530 531 532 533 534 535 536 537 538 539 540 541 542 543 544 545 546 547 548 549 550 551 552 553 554 555 556 557 558 559 560 561 562 563 564 565 566 567 568 569 570 571 572 573 574 575 576 577 578 579 580 581 582 583 584 585 586 587 588 589 590 591 592 593 594 595 596 597 598 599 600 601 1402 1403 1404 1405 1406 1407 1408 1409 1410 1411 1412 1413 1414 1415 
3546 532 533 534 535 536 537 538 539 540 541 542 543 544 545 546 547 548 549 550 551 552 553 554 555 556 557 558 559 560 561 562 563 564 565 566 567 568 569 570 571 572 573 574 575 576 577 578 579 580 581 582 583 584 585 586 587 588 589 590 591 592 593 594 595 596 597 598 599 600 601 1401 1402 1403 1404 1405 1406 1407 1408 1409 1410 1411 1412 1413 1414 1415 
3547 534 535 536 537 538 539 540 541 542 543 544 545 546 547 548 549 550 551 552 553 554 555 556 557 558 559 560 561 562 563 564 565 566 567 568 569 570 571 572 573 574 575 576 577 578 579 580 581 582 583 584 585 586 587 588 589 590 591 592 593 594 595 596 597 598 599 600 601 602 1401 1402 1403 1404 1405 1406 1407 1408 1409 1410 1411 1412 1413 1414 
3548 538 539 540 541 542 543 544 545 546 547 548 549 550 551 552 553 554 555 556 557 558 559 560 561 562 563 564 565 566 567 568 569 570 571 572 573 574 575 576 577 578 579 580 581 582 583 584 585 586 587 588 589 590 591 592 593 594 595 596 597 598 599 600 601 602 1400 1401 1402 1403 1404 1405 1406 1407 1408 1409 1410 1411 1412 1413 
3549 559 560 561 562 563 564 565 566 567 568 569 570 571 572 573 574 575 576 577 578 579 580 581 582 583 584 585 586 587 588 589 590 591 592 593 594 595 596 597 598 599 600 601 602 603 1400 1401 1402 1403 1404 1405 1406 1407 1408 1409 1410 1411 1412 
3550 564 565 566 567 568 569 570 571 572 573 574 575 576 577 578 579 580 581 582 583 584 585 586 587 588 589 590 591 592 593 594 595 596 597 598 599 600 601 602 603 604 1401 1402 1403 1404 1405 1406 1407 1408 1409 1410 1411 
3551 567 568 569 570 571 572 573 574 575 576 577 578 579 580 581 582 583 584 585 586 587 588 589 590 591 592 593 594 595 596 597 598 599 600 601 602 603 604 1402 1403 1404 1405 1406 1407 1408 1409 
3552 570 571 572 573 574 575 576 577 578 579 580 581 582 583 584 585 586 587 588 589 590 591 592 593 594 595 596 597 598 599 600 601 602 603 604 605 
3553 572 573 574 575 576 577 578 579 580 581 582 583 584 585 586 587 588 589 590 591 592 593 594 595 596 597 598 599 600 601 602 603 604 605 606 
3554 574 575 576 577 578 579 580 581 582 583 584 585 586 587 588 589 590 591 592 593 594 595 596 597 598 599 600 601 602 603 604 605 606 607 
3555 576 577 578 579 580 581 582 583 584 585 586 587 588 589 590 591 592 593 594 595 596 597 598 599 600 601 602 603 604 605 606 607 
3556 579 580 581 582 583 584 585 586 587 588 589 590 591 592 593 594 595 596 597 598 599 600 601 602 603 604 605 606 607 608 
3557 581 582 583 584 585 586 587 588 589 590 591 592 593 594 595 596 597 598 599 600 601 602 603 604 605 606 607 608 609 
3558 583 584 585 586 587 588 589 590 591 592 593 594 595 596 597 598 599 600 601 602 603 604 605 606 607 608 609 610 
3559 585 586 587 588 589 590 591 592 593 594 595 596 597 598 599 600 601 602 603 604 605 606 607 608 609 610 611 
3560 587 588 589 590 591 592 593 594 595 596 597 598 599 600 601 602 603 604 605 606 607 608 609 610 611 
3561 588 589 590 591 592 593 594 595 596 597 598 599 600 601 602 603 604 605 606 607 608 609 610 611 612 
3562 590 591 592 593 594 595 596 597 598 599 600 601 602 603 604 605 606 607 608 609 610 611 612 613 
3563 592 593 594 595 596 597 598 599 600 601 602 603 604 605 606 607 608 609 610 611 612 613 614 
3564 594 595 596 597 598 599 600 601 602 603 604 605 606 607 608 609 610 611 612 613 614 615 
3565 595 596 597 598 599 600 601 602 603 604 605 606 607 608 609 610 611 612 613 614 615 616 
3566 597 598 599 600 601 602 603 604 605 606 607 608 609 610 611 612 613 614 615 616 617 
3567 598 599 600 601 602 603 604 605 606 607 608 609 610 611 612 613 614 615 616 617 618 
3568 600 601 602 603 604 605 606 607 608 609 610 611 612 613 614 615 616 617 618 619 
3569 601 602 603 604 605 606 607 608 609 610 611 612 613 614 615 616 617 618 619 620 
3570 602 603 604 605 606 607 608 609 610 611 612 613 614 615 616 617 618 619 620 621 
3571 604 605 606 607 608 609 610 611 612 613 614 615 616 617 618 619 620 621 622 
3572 605 606 607 608 609 610 611 612 613 614 615 616 617 618 619 620 621 622 623 
3573 607 608 609 610 611 612 613 614 615 616 617 618 619 620 621 622 623 624 
3574 608 609 610 611 612 613 614 615 616 617 618 619 620 621 622 623 624 625 
3575 609 610 611 612 613 614 615 616 617 618 619 620 621 622 623 624 625 626 
3576 611 612 613 614 615 616 617 618 619 620 621 622 623 624 625 626 627 
3577 612 613 614 615 616 617 618 619 620 621 622 623 624 625 626 627 628 
3578 613 614 615 616 617 618 619 620 621 622 623 624 625 626 627 628 629 
3579 615 616 617 618 619 620 621 622 623 624 625 626 627 628 629 630 
3580 616 617 618 619 620 621 622 623 624 625 626 627 628 629 630 631 
3581 617 618 619 620 621 622 623 624 625 626 627 628 629 630 631 632 
3582 619 620 621 622 623 624 625 626 627 628 629 630 631 632 633 634 
3583 620 621 622 623 624 625 626 627 628 629 630 631 632 633 634 635 
3584 621 622 623 624 625 626 627 628 629 630 631 632 633 634 635 636 
3585 622 623 624 625 626 627 628 629 630 631 632 633 634 635 636 637 
3586 624 625 626 627 628 629 630 631 632 633 634 635 636 637 638 
3587 625 626 627 628 629 630 631 632 633 634 635 636 637 638 639 
3588 626 627 628 629 630 631 632 633 634 635 636 637 638 639 640 
3589 627 628 629 630 631 632 633 634 635 636 637 638 639 640 641 642 
3590 629 630 631 632 633 634 635 636 637 638 639 640 641 642 643 
3591 630 631 632 633 634 635 636 637 638 639 640 641 642 643 644 
3592 631 632 633 634 635 636 637 638 639 640 641 642 643 644 645 
3593 632 633 634 635 636 637 638 639 640 641 642 643 644 645 646 
3594 633 634 635 636 637 638 639 640 641 642 643 644 645 646 647 
3595 634 635 636 637 638 639 640 641 642 643 644 645 646 647 648 649 
3596 636 637 638 639 640 641 642 643 644 645 646 647 648 649 650 
3597 637 638 639 640 641 642 643 644 645 646 647 648 649 650 651 
3598 638 639 640 641 642 643 644 645 646 647 648 649 650 651 652 
3599 639 640 641 642 643 644 645 646 647 648 649 650 651 652 653 654 
3600 640 641 642 643 644 645 646 647 648 649 650 651 652 653 654 655 
3601 642 643 644 645 646 647 648 649 650 651 652 653 654 655 656 
3602 643 644 645 646 647 648 649 650 651 652 653 654 655 656 657 
3603 644 645 646 647 648 649 650 651 652 653 654 655 656 657 658 
3604 645 646 647 648 649 650 651 652 653 654 655 656 657 658 659 660 
3605 646 647 648 649 650 651 652 653 654 655 656 657 658 659 660 661 
3606 648 649 650 651 652 653 654 655 656 657 658 659 660 661 662 
3607 649 650 651 652 653 654 655 656 657 658 659 660 661 662 663 
3608 650 651 652 653 654 655 656 657 658 659 660 661 662 663 664 665 
3609 651 652 653 654 655 656 657 658 659 660 661 662 663 664 665 666 
3610 652 653 654 655 656 657 658 659 660 661 662 663 664 665 666 667 
3611 654 655 656 657 658 659 660 661 662 663 664 665 666 667 668 
3612 655 656 657 658 659 660 661 662 663 664 665 666 667 668 669 
3613 656 657 658 659 660 661 662 663 664 665 666 667 668 669 670 671 
3614 657 658 659 660 661 662 663 664 665 666 667 668 669 670 671 672 
3615 659 660 661 662 663 664 665 666 667 668 669 670 671 672 673 
3616 660 661 662 663 664 665 666 667 668 669 670 671 672 673 674 
3617 661 662 663 664 665 666 667 668 669 670 671 672 673 674 675 
3618 662 663 664 665 666 667 668 669 670 671 672 673 674 675 676 677 
3619 664 665 666 667 668 669 670 671 672 673 674 675 676 677 678 
3620 665 666 667 668 669 670 671 672 673 674 675 676 677 678 679 
3621 666 667 668 669 670 671 672 673 674 675 676 677 678 679 680 
3622 667 668 669 670 671 672 673 674 675 676 677 678 679 680 681 
3623 669 670 671 672 673 674 675 676 677 678 679 680 681 682 
3624 670 671 672 673 674 675 676 677 678 679 680 681 682 683 684 
3625 671 672 673 674 675 676 677 678 679 680 681 682 683 684 685 
3626 672 673 674 675 676 677 678 679 680 681 682 683 684 685 686 
3627 673 674 675 676 677 678 679 680 681 682 683 684 685 686 687 
3628 675 676 677 678 679 680 681 682 683 684 685 686 687 688 
3629 676 677 678 679 680 681 682 683 684 685 686 687 688 689 690 
3630 677 678 679 680 681 682 683 684 685 686 687 688 689 690 691 
3631 678 679 680 681 682 683 684 685 686 687 688 689 690 691 692 
3632 679 680 681 682 683 684 685 686 687 688 689 690 691 692 693 
3633 680 681 682 683 684 685 686 687 688 689 690 691 692 693 694 695 
3634 681 682 683 684 685 686 687 688 689 690 691 692 693 694 695 696 
3635 683 684 685 686 687 688 689 690 691 692 693 694 695 696 697 
3636 684 685 686 687 688 689 690 691 692 693 694 695 696 697 698 
3637 685 686 687 688 689 690 691 692 693 694 695 696 697 698 699 700 
3638 686 687 688 689 690 691 692 693 694 695 696 697 698 699 700 701 
3639 687 688 689 690 691 692 693 694 695 696 697 698 699 700 701 702 
3640 688 689 690 691 692 693 694 695 696 697 698 699 700 701 702 703 
3641 689 690 691 692 693 694 695 696 697 698 699 700 701 702 703 704 705 
3642 690 691 692 693 694 695 696 697 698 699 700 701 702 703 704 705 706 
3643 691 692 693 694 695 696 697 698 699 700 701 702 703 704 705 706 707 
3644 692 693 694 695 696 697 698 699 700 701 702 703 704 705 706 707 708 709 
3645 693 694 695 696 697 698 699 700 701 702 703 704 705 706 707 708 709 710 
3646 694 695 696 697 698 699 700 701 702 703 704 705 706 707 708 709 710 711 712 
3647 695 696 697 698 699 700 701 702 703 704 705 706 707 708 709 710 711 712 713 
3648 697 698 699 700 701 702 703 704 705 706 707 708 709 710 711 712 713 714 715 
3649 698 699 700 701 702 703 704 705 706 707 708 709 710 711 712 713 714 715 716 
3650 699 700 701 702 703 704 705 706 707 708 709 710 711 712 713 714 715 716 717 718 
3651 700 701 702 703 704 705 706 707 708 709 710 711 712 713 714 715 716 717 718 719 720 
3652 701 702 703 704 705 706 707 708 709 710 711 712 713 714 715 716 717 718 719 720 721 722 
3653 702 703 704 705 706 707 708 709 710 711 712 713 714 715 716 717 718 719 720 721 722 723 
3654 703 704 705 706 707 708 709 710 711 712 713 714 715 716 717 718 719 720 721 722 723 724 725 726 
3655 704 705 706 707 708 709 710 711 712 713 714 715 716 717 718 719 720 721 722 723 724 725 726 727 
3656 704 705 706 707 708 709 710 711 712 713 714 715 716 717 718 719 720 721 722 723 724 725 726 727 728 729 
3657 705 706 707 708 709 710 711 712 713 714 715 716 717 718 719 720 721 722 723 724 725 726 727 728 729 730 731 
3658 706 707 708 709 710 711 712 713 714 715 716 717 718 719 720 721 722 723 724 725 726 727 728 729 730 731 732 733 
3659 707 708 709 710 711 712 713 714 715 716 717 718 719 720 721 722 723 724 725 726 727 728 729 730 731 732 733 734 735 
3660 708 709 710 711 712 713 714 715 716 717 718 719 720 721 722 723 724 725 726 727 728 729 730 731 732 733 734 735 736 737 
3661 709 710 711 712 713 714 715 716 717 718 719 720 721 722 723 724 725 726 727 728 729 730 731 732 733 734 735 736 737 738 739 
3662 710 711 712 713 714 715 716 717 718 719 720 721 722 723 724 725 726 727 728 729 730 731 732 733 734 735 736 737 738 739 740 
3663 711 712 713 714 715 716 717 718 719 720 721 722 723 724 725 726 727 728 729 730 731 732 733 734 735 736 737 738 739 740 741 
3664 712 713 714 715 716 717 718 719 720 721 722 723 724 725 726 727 728 729 730 731 732 733 734 735 736 737 738 739 740 741 742 743 
3665 713 714 715 716 717 718 719 720 721 722 723 724 725 726 727 728 729 730 731 732 733 734 735 736 737 738 739 740 741 742 743 744 
3666 713 714 715 716 717 718 719 720 721 722 723 724 725 726 727 728 729 730 731 732 733 734 735 736 737 738 739 740 741 742 743 744 745 
3667 714 715 716 717 718 719 720 721 722 723 724 725 726 727 728 729 730 731 732 733 734 735 736 737 738 739 740 741 742 743 744 745 746 
3668 715 716 717 718 719 720 721 722 723 724 725 726 727 728 729 730 731 732 733 734 735 736 737 738 739 740 741 742 743 744 745 746 747 
3669 716 717 718 719 720 721 722 723 724 725 726 727 728 729 730 731 732 733 734 735 736 737 738 739 740 741 742 743 744 745 746 747 748 
3670 717 718 719 720 721 722 723 724 725 726 727 728 729 730 731 732 733 734 735 736 737 738 739 740 741 742 743 744 745 746 747 748 
3671 718 719 720 721 722 723 724 725 726 727 728 729 730 731 732 733 734 735 736 737 738 739 740 741 742 743 744 745 746 747 748 749 
3672 718 719 720 721 722 723 724 725 726 727 728 729 730 731 732 733 734 735 736 737 738 739 740 741 742 743 744 745 746 747 748 749 750 
3673 719 720 721 722 723 724 725 726 727 728 729 730 731 732 733 734 735 736 737 738 739 740 741 742 743 744 745 746 747 748 749 750 
3674 720 721 722 723 724 725 726 727 728 729 730 731 732 733 734 735 736 737 738 739 740 741 742 743 744 745 746 747 748 749 750 751 
3675 721 722 723 724 725 726 727 728 729 730 731 732 733 734 735 736 737 738 739 740 741 742 743 744 745 746 747 748 749 750 751 752 
3676 722 723 724 725 726 727 728 729 730 731 732 733 734 735 736 737 738 739 740 741 742 743 744 745 746 747 748 749 750 751 752 
3677 723 724 725 726 727 728 729 730 731 732 733 734 735 736 737 738 739 740 741 742 743 744 745 746 747 748 749 750 751 752 753 
3678 724 725 726 727 728 729 730 731 732 733 734 735 736 737 738 739 740 741 742 743 744 745 746 747 748 749 750 751 752 753 
3679 725 726 727 728 729 730 731 732 733 734 735 736 737 738 739 740 741 742 743 744 745 746 747 748 749 750 751 752 753 754 
3680 726 727 728 729 730 731 732 733 734 735 736 737 738 739 740 741 742 743 744 745 746 747 748 749 750 751 752 753 754 755 
3681 727 728 729 730 731 732 733 734 735 736 737 738 739 740 741 742 743 744 745 746 747 748 749 750 751 752 753 754 755 
3682 728 729 730 731 732 733 734 735 736 737 738 739 740 741 742 743 744 745 746 747 748 749 750 751 752 753 754 755 756 
3683 729 730 731 732 733 734 735 736 737 738 739 740 741 742 743 744 745 746 747 748 749 750 751 752 753 754 755 756 757 
3684 729 730 731 732 733 734 735 736 737 738 739 740 741 742 743 744 745 746 747 748 749 750 751 752 753 754 755 756 757 
3685 730 731 732 733 734 735 736 737 738 739 740 741 742 743 744 745 746 747 748 749 750 751 752 753 754 755 756 757 758 
3686 731 732 733 734 735 736 737 738 739 740 741 742 743 744 745 746 747 748 749 750 751 752 753 754 755 756 757 758 759 
3687 732 733 734 735 736 737 738 739 740 741 742 743 744 745 746 747 748 749 750 751 752 753 754 755 756 757 758 759 
3688 733 734 735 736 737 738 739 740 741 742 743 744 745 746 747 748 749 750 751 752 753 754 755 756 757 758 759 760 
3689 734 735 736 737 738 739 740 741 742 743 744 745 746 747 748 749 750 751 752 753 754 755 756 757 758 759 760 761 
3690 735 736 737 738 739 740 741 742 743 744 745 746 747 748 749 750 751 752 753 754 755 756 757 758 759 760 761 762 
3691 736 737 738 739 740 741 742 743 744 745 746 747 748 749 750 751 752 753 754 755 756 757 758 759 760 761 762 
3692 737 738 739 740 741 742 743 744 745 746 747 748 749 750 751 752 753 754 755 756 757 758 759 760 761 762 763 
3693 738 739 740 741 742 743 744 745 746 747 748 749 750 751 752 753 754 755 756 757 758 759 760 761 762 763 764 
3694 739 740 741 742 743 744 745 746 747 748 749 750 751 752 753 754 755 756 757 758 759 760 761 762 763 764 765 
3695 740 741 742 743 744 745 746 747 748 749 750 751 752 753 754 755 756 757 758 759 760 761 762 763 764 765 766 
3696 741 742 743 744 745 746 747 748 749 750 751 752 753 754 755 756 757 758 759 760 761 762 763 764 765 766 767 
3697 743 744 745 746 747 748 749 750 751 752 753 754 755 756 757 758 759 760 761 762 763 764 765 766 767 768 
3698 744 745 746 747 748 749 750 751 752 753 754 755 756 757 758 759 760 761 762 763 764 765 766 767 768 
3699 745 746 747 748 749 750 751 752 753 754 755 756 757 758 759 760 761 762 763 764 765 766 767 768 769 
3700 746 747 748 749 750 751 752 753 754 755 756 757 758 759 760 761 762 763 764 765 766 767 768 769 770 
3701 748 749 750 751 752 753 754 755 756 757 758 759 760 761 762 763 764 765 766 767 768 769 770 771 
3702 749 750 751 752 753 754 755 756 757 758 759 760 761 762 763 764 765 766 767 768 769 770 771 772 
3703 751 752 753 754 755 756 757 758 759 760 761 762 763 764 765 766 767 768 769 770 771 772 773 
3704 752 753 754 755 756 757 758 759 760 761 762 763 764 765 766 767 768 769 770 771 772 773 774 
3705 753 754 755 756 757 758 759 760 761 762 763 764 765 766 767 768 769 770 771 772 773 774 775 
3706 755 756 757 758 759 760 761 762 763 764 765 766 767 768 769 770 771 772 773 774 775 776 
3707 756 757 758 759 760 761 762 763 764 765 766 767 768 769 770 771 772 773 774 775 776 777 
3708 757 758 759 760 761 762 763 764 765 766 767 768 769 770 771 772 773 774 775 776 777 
3709 759 760 761 762 763 764 765 766 767 768 769 770 771 772 773 774 775 776 777 778 
3710 760 761 762 763 764 765 766 767 768 769 770 771 772 773 774 775 776 777 778 779 
3711 761 762 763 764 765 766 767 768 769 770 771 772 773 774 775 776 777 778 779 780 
3712 763 764 765 766 767 768 769 770 771 772 773 774 775 776 777 778 779 780 781 
3713 764 765 766 767 768 769 770 771 772 773 774 775 776 777 778 779 780 781 782 
3714 765 766 767 768 769 770 771 772 773 774 775 776 777 778 779 780 781 782 783 
3715 767 768 769 770 771 772 773 774 775 776 777 778 779 780 781 782 783 784 
3716 768 769 770 771 772 773 774 775 776 777 778 779 780 781 782 783 784 785 786 
3717 769 770 771 772 773 774 775 776 777 778 779 780 781 782 783 784 785 786 787 
3718 771 772 773 774 775 776 777 778 779 780 781 782 783 784 785 786 787 788 
3719 772 773 774 775 776 777 778 779 780 781 782 783 784 785 786 787 788 789 
3720 773 774 775 776 777 778 779 780 781 782 783 784 785 786 787 788 789 790 
3721 775 776 777 778 779 780 781 782 783 784 785 786 787 788 789 790 791 
3722 776 777 778 779 780 781 782 783 784 785 786 787 788 789 790 791 792 
3723 777 778 779 780 781 782 783 784 785 786 787 788 789 790 791 792 793 
3724 778 779 780 781 782 783 784 785 786 787 788 789 790 791 792 793 794 795 
3725 779 780 781 782 783 784 785 786 787 788 789 790 791 792 793 794 795 796 
3726 781 782 783 784 785 786 787 788 789 790 791 792 793 794 795 796 797 
3727 782 783 784 785 786 787 788 789 790 791 792 793 794 795 796 797 798 
3728 783 784 785 786 787 788 789 790 791 792 793 794 795 796 797 798 799 
3729 784 785 786 787 788 789 790 791 792 793 794 795 796 797 798 799 800 801 
3730 785 786 787 788 789 790 791 792 793 794 795 796 797 798 799 800 801 802 
3731 787 788 789 790 791 792 793 794 795 796 797 798 799 800 801 802 803 
3732 788 789 790 791 792 793 794 795 796 797 798 799 800 801 802 803 804 
3733 789 790 791 792 793 794 795 796 797 798 799 800 801 802 803 804 805 
3734 790 791 792 793 794 795 796 797 798 799 800 801 802 803 804 805 806 807 
3735 791 792 793 794 795 796 797 798 799 800 801 802 803 804 805 806 807 808 
3736 793 794 795 796 797 798 799 800 801 802 803 804 805 806 807 808 809 
3737 794 795 796 797 798 799 800 801 802 803 804 805 806 807 808 809 810 
3738 795 796 797 798 799 800 801 802 803 804 805 806 807 808 809 810 811 812 
3739 796 797 798 799 800 801 802 803 804 805 806 807 808 809 810 811 812 813 
3740 797 798 799 800 801 802 803 804 805 806 807 808 809 810 811 812 813 814 
3741 798 799 800 801 802 803 804 805 806 807 808 809 810 811 812 813 814 815 
3742 800 801 802 803 804 805 806 807 808 809 810 811 812 813 814 815 816 817 
3743 801 802 803 804 805 806 807 808 809 810 811 812 813 814 815 816 817 818 
3744 802 803 804 805 806 807 808 809 810 811 812 813 814 815 816 817 818 819 
3745 803 804 805 806 807 808 809 810 811 812 813 814 815 816 817 818 819 820 
3746 804 805 806 807 808 809 810 811 812 813 814 815 816 817 818 819 820 821 822 
3747 806 807 808 809 810 811 812 813 814 815 816 817 818 819 820 821 822 823 
3748 807 808 809 810 811 812 813 814 815 816 817 818 819 820 821 822 823 824 
3749 808 809 810 811 812 813 814 815 816 817 818 819 820 821 822 823 824 825 826 
3750 809 810 811 812 813 814 815 816 817 818 819 820 821 822 823 824 825 826 827 
3751 810 811 812 813 814 815 816 817 818 819 820 821 822 823 824 825 826 827 828 829 
3752 812 813 814 815 816 817 818 819 820 821 822 823 824 825 826 827 828 829 830 
3753 813 814 815 816 817 818 819 820 821 822 823 824 825 826 827 828 829 830 831 832 
3754 814 815 816 817 818 819 820 821 822 823 824 825 826 827 828 829 830 831 832 833 834 
3755 815 816 817 818 819 820 821 822 823 824 825 826 827 828 829 830 831 832 833 834 835 
3756 816 817 818 819 820 821 822 823 824 825 826 827 828 829 830 831 832 833 834 835 836 837 
3757 817 818 819 820 821 822 823 824 825 826 827 828 829 830 831 832 833 834 835 836 837 838 
3758 818 819 820 821 822 823 824 825 826 827 828 829 830 831 832 833 834 835 836 837 838 839 840 
3759 819 820 821 822 823 824 825 826 827 828 829 830 831 832 833 834 835 836 837 838 839 840 841 842 
3760 820 821 822 823 824 825 826 827 828 829 830 831 832 833 834 835 836 837 838 839 840 841 842 843 
3761 821 822 823 824 825 826 827 828 829 830 831 832 833 834 835 836 837 838 839 840 841 842 843 844 845 
3762 822 823 824 825 826 827 828 829 830 831 832 833 834 835 836 837 838 839 840 841 842 843 844 845 846 
3763 823 824 825 826 827 828 829 830 831 832 833 834 835 836 837 838 839 840 841 842 843 844 845 846 847 
3764 824 825 826 827 828 829 830 831 832 833 834 835 836 837 838 839 840 841 842 843 844 845 846 847 848 849 
3765 826 827 828 829 830 831 832 833 834 835 836 837 838 839 840 841 842 843 844 845 846 847 848 849 850 
3766 827 828 829 830 831 832 833 834 835 836 837 838 839 840 841 842 843 844 845 846 847 848 849 850 851 
3767 828 829 830 831 832 833 834 835 836 837 838 839 840 841 842 843 844 845 846 847 848 849 850 851 852 853 
3768 829 830 831 832 833 834 835 836 837 838 839 840 841 842 843 844 845 846 847 848 849 850 851 852 853 854 
3769 830 831 832 833 834 835 836 837 838 839 840 841 842 843 844 845 846 847 848 849 850 851 852 853 854 855 
3770 832 833 834 835 836 837 838 839 840 841 842 843 844 845 846 847 848 849 850 851 852 853 854 855 856 
3771 833 834 835 836 837 838 839 840 841 842 843 844 845 846 847 848 849 850 851 852 853 854 855 856 857 858 
3772 835 836 837 838 839 840 841 842 843 844 845 846 847 848 849 850 851 852 853 854 855 856 857 858 859 
3773 836 837 838 839 840 841 842 843 844 845 846 847 848 849 850 851 852 853 854 855 856 857 858 859 860 
3774 838 839 840 841 842 843 844 845 846 847 848 849 850 851 852 853 854 855 856 857 858 859 860 861 
3775 839 840 841 842 843 844 845 846 847 848 849 850 851 852 853 854 855 856 857 858 859 860 861 862 
3776 841 842 843 844 845 846 847 848 849 850 851 852 853 854 855 856 857 858 859 860 861 862 863 
3777 843 844 845 846 847 848 849 850 851 852 853 854 855 856 857 858 859 860 861 862 863 864 865 
3778 844 845 846 847 848 849 850 851 852 853 854 855 856 857 858 859 860 861 862 863 864 865 866 
3779 846 847 848 849 850 851 852 853 854 855 856 857 858 859 860 861 862 863 864 865 866 867 
3780 847 848 849 850 851 852 853 854 855 856 857 858 859 860 861 862 863 864 865 866 867 868 
3781 849 850 851 852 853 854 855 856 857 858 859 860 861 862 863 864 865 866 867 868 869 
3782 851 852 853 854 855 856 857 858 859 860 861 862 863 864 865 866 867 868 869 870 
3783 852 853 854 855 856 857 858 859 860 861 862 863 864 865 866 867 868 869 870 871 
3784 854 855 856 857 858 859 860 861 862 863 864 865 866 867 868 869 870 871 872 
3785 855 856 857 858 859 860 861 862 863 864 865 866 867 868 869 870 871 872 873 
3786 857 858 859 860 861 862 863 864 865 866 867 868 869 870 871 872 873 874 875 
3787 859 860 861 862 863 864 865 866 867 868 869 870 871 872 873 874 875 876 
3788 860 861 862 863 864 865 866 867 868 869 870 871 872 873 874 875 876 877 
3789 861 862 863 864 865 866 867 868 869 870 871 872 873 874 875 876 877 878 
3790 863 864 865 866 867 868 869 870 871 872 873 874 875 876 877 878 879 
3791 864 865 866 867 868 869 870 871 872 873 874 875 876 877 878 879 880 
3792 866 867 868 869 870 871 872 873 874 875 876 877 878 879 880 881 
3793 867 868 869 870 871 872 873 874 875 876 877 878 879 880 881 882 883 
3794 868 869 870 871 872 873 874 875 876 877 878 879 880 881 882 883 884 
3795 870 871 872 873 874 875 876 877 878 879 880 881 882 883 884 885 
3796 871 872 873 874 875 876 877 878 879 880 881 882 883 884 885 886 
3797 872 873 874 875 876 877 878 879 880 881 882 883 884 885 886 887 
3798 874 875 876 877 878 879 880 881 882 883 884 885 886 887 888 889 
3799 875 876 877 878 879 880 881 882 883 884 885 886 887 888 889 890 
3800 876 877 878 879 880 881 882 883 884 885 886 887 888 889 890 891 
3801 877 878 879 880 881 882 883 884 885 886 887 888 889 890 891 892 
3802 878 879 880 881 882 883 884 885 886 887 888 889 890 891 892 893 
3803 880 881 882 883 884 885 886 887 888 889 890 891 892 893 894 895 
3804 881 882 883 884 885 886 887 888 889 890 891 892 893 894 895 896 
3805 882 883 884 885 886 887 888 889 890 891 892 893 894 895 896 897 
3806 883 884 885 886 887 888 889 890 891 892 893 894 895 896 897 898 
3807 884 885 886 887 888 889 890 891 892 893 894 895 896 897 898 899 900 
3808 885 886 887 888 889 890 891 892 893 894 895 896 897 898 899 900 901 
3809 887 888 889 890 891 892 893 894 895 896 897 898 899 900 901 902 
3810 888 889 890 891 892 893 894 895 896 897 898 899 900 901 902 903 
3811 889 890 891 892 893 894 895 896 897 898 899 900 901 902 903 904 
3812 890 891 892 893 894 895 896 897 898 899 900 901 902 903 904 905 906 
3813 891 892 893 894 895 896 897 898 899 900 901 902 903 904 905 906 907 
3814 892 893 894 895 896 897 898 899 900 901 902 903 904 905 906 907 908 
3815 894 895 896 897 898 899 900 901 902 903 904 905 906 907 908 909 
3816 895 896 897 898 899 900 901 902 903 904 905 906 907 908 909 910 
3817 896 897 898 899 900 901 902 903 904 905 906 907 908 909 910 911 912 
3818 897 898 899 900 901 902 903 904 905 906 907 908 909 910 911 912 913 
3819 898 899 900 901 902 903 904 905 906 907 908 909 910 911 912 913 914 
3820 899 900 901 902 903 904 905 906 907 908 909 910 911 912 913 914 915 
3821 901 902 903 904 905 906 907 908 909 910 911 912 913 914 915 916 917 
3822 902 903 904 905 906 907 908 909 910 911 912 913 914 915 916 917 918 
3823 903 904 905 906 907 908 909 910 911 912 913 914 915 916 917 918 919 
3824 904 905 906 907 908 909 910 911 912 913 914 915 916 917 918 919 920 921 
3825 905 906 907 908 909 910 911 912 913 914 915 916 917 918 919 920 921 922 
3826 907 908 909 910 911 912 913 914 915 916 917 918 919 920 921 922 923 
3827 908 909 910 911 912 913 914 915 916 917 918 919 920 921 922 923 924 925 
3828 909 910 911 912 913 914 915 916 917 918 919 920 921 922 923 924 925 926 
3829 910 911 912 913 914 915 916 917 918 919 920 921 922 923 924 925 926 927 928 
3830 911 912 913 914 915 916 917 918 919 920 921 922 923 924 925 926 927 928 929 930 
3831 912 913 914 915 916 917 918 919 920 921 922 923 924 925 926 927 928 929 930 931 
3832 914 915 916 917 918 919 920 921 922 923 924 925 926 927 928 929 930 931 932 933 
3833 915 916 917 918 919 920 921 922 923 924 925 926 927 928 929 930 931 932 933 934 935 
3834 916 917 918 919 920 921 922 923 924 925 926 927 928 929 930 931 932 933 934 935 936 937 
3835 917 918 919 920 921 922 923 924 925 926 927 928 929 930 931 932 933 934 935 936 937 938 939 
3836 918 919 920 921 922 923 924 925 926 927 928 929 930 931 932 933 934 935 936 937 938 939 940 941 
3837 920 921 922 923 924 925 926 927 928 929 930 931 932 933 934 935 936 937 938 939 940 941 942 943 
3838 921 922 923 924 925 926 927 928 929 930 931 932 933 934 935 936 937 938 939 940 941 942 943 944 945 
3839 922 923 924 925 926 927 928 929 930 931 932 933 934 935 936 937 938 939 940 941 942 943 944 945 946 947 
3840 923 924 925 926 927 928 929 930 931 932 933 934 935 936 937 938 939 940 941 942 943 944 945 946 947 948 949 
3841 925 926 927 928 929 930 931 932 933 934 935 936 937 938 939 940 941 942 943 944 945 946 947 948 949 950 951 952 
3842 926 927 928 929 930 931 932 933 934 935 936 937 938 939 940 941 942 943 944 945 946 947 948 949 950 951 952 953 954 
3843 928 929 930 931 932 933 934 935 936 937 938 939 940 941 942 943 944 945 946 947 948 949 950 951 952 953 954 955 956 
3844 929 930 931 932 933 934 935 936 937 938 939 940 941 942 943 944 945 946 947 948 949 950 951 952 953 954 955 956 957 
3845 931 932 933 934 935 936 937 938 939 940 941 942 943 944 945 946 947 948 949 950 951 952 953 954 955 956 957 958 959 
3846 933 934 935 936 937 938 939 940 941 942 943 944 945 946 947 948 949 950 951 952 953 954 955 956 957 958 959 960 
3847 934 935 936 937 938 939 940 941 942 943 944 945 946 947 948 949 950 951 952 953 954 955 956 957 958 959 960 961 
3848 936 937 938 939 940 941 942 943 944 945 946 947 948 949 950 951 952 953 954 955 956 957 958 959 960 961 
3849 938 939 940 941 942 943 944 945 946 947 948 949 950 951 952 953 954 955 956 957 958 959 960 961 962 
3850 940 941 942 943 944 945 946 947 948 949 950 951 952 953 954 955 956 957 958 959 960 961 962 
3851 942 943 944 945 946 947 948 949 950 951 952 953 954 955 956 957 958 959 960 961 962 
3852 945 946 947 948 949 950 951 952 953 954 955 956 957 958 959 960 961 
3853 947 948 949 950 951 952 953 954 955 956 957 958 959 960 
3854 950 951 952 953 954 955 956 957 958 959 
4427 0 
4428 0 
4429 0 
4430 0 1 
4431 0 1 
4432 0 1 2 
4433 0 1 2 
4434 0 1 2 
4435 0 1 2 3 
4436 0 1 2 3 
4437 0 1 2 3 4 
4438 0 1 2 3 4 
4439 0 1 2 3 4 5 
4440 0 1 2 3 4 5 
4441 0 1 2 3 4 5 6 
4442 0 1 2 3 4 5 6 
4443 0 1 2 3 4 5 6 7 
4444 0 1 2 3 4 5 6 7 
4445 0 1 2 3 4 5 6 7 8 
4446 0 1 2 3 4 5 6 7 8 9 
4447 0 1 2 3 4 5 6 7 8 9 
4448 0 1 2 3 4 5 6 7 8 9 10 
4449 0 1 2 3 4 5 6 7 8 9 10 
4450 0 1 2 3 4 5 6 7 8 9 10 11 
4451 0 1 2 3 4 5 6 7 8 9 10 11 12 
4452 0 1 2 3 4 5 6 7 8 9 10 11 12 13 
4453 0 1 2 3 4 5 6 7 8 9 10 11 12 13 
4454 0 1 2 3 4 5 6 7 8 9 10 11 12 13 14 
4455 0 1 2 3 4 5 6 7 8 9 10 11 12 13 14 15 
4456 0 1 2 3 4 5 6 7 8 9 10 11 12 13 14 15 16 
4457 0 1 2 3 4 5 6 7 8 9 10 11 12 13 14 15 16 17 
4458 0 1 2 3 4 5 6 7 8 9 10 11 12 13 14 15 16 17 18 
4459 1 2 3 4 5 6 7 8 9 10 11 12 13 14 15 16 17 18 19 
4460 2 3 4 5 6 7 8 9 10 11 12 13 14 15 16 17 18 19 20 
4461 3 4 5 6 7 8 9 10 11 12 13 14 15 16 17 18 19 20 
4462 4 5 6 7 8 9 10 11 12 13 14 15 16 17 18 19 20 21 
4463 5 6 7 8 9 10 11 12 13 14 15 16 17 18 19 20 21 22 
4464 6 7 8 9 10 11 12 13 14 15 16 17 18 19 20 21 22 23 
4465 7 8 9 10 11 12 13 14 15 16 17 18 19 20 21 22 23 24 
4466 8 9 10 11 12 13 14 15 16 17 18 19 20 21 22 23 24 25 
4467 9 10 11 12 13 14 15 16 17 18 19 20 21 22 23 24 25 26 
4468 10 11 12 13 14 15 16 17 18 19 20 21 22 23 24 25 26 27 
4469 11 12 13 14 15 16 17 18 19 20 21 22 23 24 25 26 27 28 
4470 12 13 14 15 16 17 18 19 20 21 22 23 24 25 26 27 28 29 
4471 14 15 16 17 18 19 20 21 22 23 24 25 26 27 28 29 30 
4472 15 16 17 18 19 20 21 22 23 24 25 26 27 28 29 30 31 
4473 16 17 18 19 20 21 22 23 24 25 26 27 28 29 30 31 32 
4474 17 18 19 20 21 22 23 24 25 26 27 28 29 30 31 32 33 
4475 18 19 20 21 22 23 24 25 26 27 28 29 30 31 32 33 34 
4476 19 20 21 22 23 24 25 26 27 28 29 30 31 32 33 34 35 
4477 20 21 22 23 24 25 26 27 28 29 30 31 32 33 34 35 36 
4478 22 23 24 25 26 27 28 29 30 31 32 33 34 35 36 37 
4479 23 24 25 26 27 28 29 30 31 32 33 34 35 36 37 38 
4480 24 25 26 27 28 29 30 31 32 33 34 35 36 37 38 39 
4481 25 26 27 28 29 30 31 32 33 34 35 36 37 38 39 40 
4482 26 27 28 29 30 31 32 33 34 35 36 37 38 39 40 41 
4483 27 28 29 30 31 32 33 34 35 36 37 38 39 40 41 42 
4484 28 29 30 31 32 33 34 35 36 37 38 39 40 41 42 43 44 
4485 30 31 32 33 34 35 36 37 38 39 40 41 42 43 44 45 
4486 31 32 33 34 35 36 37 38 39 40 41 42 43 44 45 46 
4487 32 33 34 35 36 37 38 39 40 41 42 43 44 45 46 47 
4488 33 34 35 36 37 38 39 40 41 42 43 44 45 46 47 48 
4489 34 35 36 37 38 39 40 41 42 43 44 45 46 47 48 49 
4490 35 36 37 38 39 40 41 42 43 44 45 46 47 48 49 50 
4491 36 37 38 39 40 41 42 43 44 45 46 47 48 49 50 51 
4492 38 39 40 41 42 43 44 45 46 47 48 49 50 51 52 
4493 39 40 41 42 43 44 45 46 47 48 49 50 51 52 53 
4494 40 41 42 43 44 45 46 47 48 49 50 51 52 53 54 55 
4495 41 42 43 44 45 46 47 48 49 50 51 52 53 54 55 56 
4496 42 43 44 45 46 47 48 49 50 51 52 53 54 55 56 57 
4497 43 44 45 46 47 48 49 50 51 52 53 54 55 56 57 58 
4498 44 45 46 47 48 49 50 51 52 53 54 55 56 57 58 59 
4499 45 46 47 48 49 50 51 52 53 54 55 56 57 58 59 60 
4500 46 47 48 49 50 51 52 53 54 55 56 57 58 59 60 61 62 
4501 47 48 49 50 51 52 53 54 55 56 57 58 59 60 61 62 63 
4502 49 50 51 52 53 54 55 56 57 58 59 60 61 62 63 64 
4503 50 51 52 53 54 55 56 57 58 59 60 61 62 63 64 65 
4504 51 52 53 54 55 56 57 58 59 60 61 62 63 64 65 66 67 
4505 52 53 54 55 56 57 58 59 60 61 62 63 64 65 66 67 68 
4506 53 54 55 56 57 58 59 60 61 62 63 64 65 66 67 68 69 
4507 54 55 56 57 58 59 60 61 62 63 64 65 66 67 68 69 70 71 
4508 56 57 58 59 60 61 62 63 64 65 66 67 68 69 70 71 72 
4509 57 58 59 60 61 62 63 64 65 66 67 68 69 70 71 72 73 
4510 58 59 60 61 62 63 64 65 66 67 68 69 70 71 72 73 74 75 
4511 59 60 61 62 63 64 65 66 67 68 69 70 71 72 73 74 75 76 
4512 61 62 63 64 65 66 67 68 69 70 71 72 73 74 75 76 77 78 
4513 62 63 64 65 66 67 68 69 70 71 72 73 74 75 76 77 78 79 80 
4514 63 64 65 66 67 68 69 70 71 72 73 74 75 76 77 78 79 80 81 
4515 64 65 66 67 68 69 70 71 72 73 74 75 76 77 78 79 80 81 82 83 
4516 66 67 68 69 70 71 72 73 74 75 76 77 78 79 80 81 82 83 84 85 
4517 67 68 69 70 71 72 73 74 75 76 77 78 79 80 81 82 83 84 85 86 87 
4518 68 69 70 71 72 73 74 75 76 77 78 79 80 81 82 83 84 85 86 87 88 89 
4519 70 71 72 73 74 75 76 77 78 79 80 81 82 83 84 85 86 87 88 89 90 91 92 
4520 71 72 73 74 75 76 77 78 79 80 81 82 83 84 85 86 87 88 89 90 91 92 93 94 
4521 72 73 74 75 76 77 78 79 80 81 82 83 84 85 86 87 88 89 90 91 92 93 94 95 96 97 
4522 74 75 76 77 78 79 80 81 82 83 84 85 86 87 88 89 90 91 92 93 94 95 96 97 98 99 
4523 75 76 77 78 79 80 81 82 83 84 85 86 87 88 89 90 91 92 93 94 95 96 97 98 99 100 101 102 
4524 77 78 79 80 81 82 83 84 85 86 87 88 89 90 91 92 93 94 95 96 97 98 99 100 101 102 103 104 105 106 
4525 78 79 80 81 82 83 84 85 86 87 88 89 90 91 92 93 94 95 96 97 98 99 100 101 102 103 104 105 106 107 108 109 
4526 80 81 82 83 84 85 86 87 88 89 90 91 92 93 94 95 96 97 98 99 100 101 102 103 104 105 106 107 108 109 110 111 112 113 
4527 81 82 83 84 85 86 87 88 89 90 91 92 93 94 95 96 97 98 99 100 101 102 103 104 105 106 107 108 109 110 111 112 113 114 115 116 117 
4528 83 84 85 86 87 88 89 90 91 92 93 94 95 96 97 98 99 100 101 102 103 104 105 106 107 108 109 110 111 112 113 114 115 116 117 118 119 120 
4529 85 86 87 88 89 90 91 92 93 94 95 96 97 98 99 100 101 102 103 104 105 106 107 108 109 110 111 112 113 114 115 116 117 118 119 120 121 122 
4530 87 88 89 90 91 92 93 94 95 96 97 98 99 100 101 102 103 104 105 106 107 108 109 110 111 112 113 114 115 116 117 118 119 120 121 122 123 1558 1559 1560 1561 1562 1563 1564 1565 1566 1567 1568 
4531 89 90 91 92 93 94 95 96 97 98 99 100 101 102 103 104 105 106 107 108 109 110 111 112 113 114 115 116 117 118 119 120 121 122 123 124 125 1555 1556 1557 1558 1559 1560 1561 1562 1563 1564 1565 1566 1567 1568 1569 1570 
4532 91 92 93 94 95 96 97 98 99 100 101 102 103 104 105 106 107 108 109 110 111 112 113 114 115 116 117 118 119 120 121 122 123 124 125 1553 1554 1555 1556 1557 1558 1559 1560 1561 1562 1563 1564 1565 1566 1567 1568 1569 1570 1571 
4533 93 94 95 96 97 98 99 100 101 102 103 104 105 106 107 108 109 110 111 112 113 114 115 116 117 118 119 120 121 122 123 124 125 1551 1552 1553 1554 1555 1556 1557 1558 1559 1560 1561 1562 1563 1564 1565 1566 1567 1568 1569 1570 1571 
4534 96 97 98 99 100 101 102 103 104 105 106 107 108 109 110 111 112 113 114 115 116 117 118 119 120 121 122 123 124 125 1549 1550 1551 1552 1553 1554 1555 1556 1557 1558 1559 1560 1561 1562 1563 1564 1565 1566 1567 1568 1569 1570 1571 1572 
4535 98 99 100 101 102 103 104 105 106 107 108 109 110 111 112 113 114 115 116 117 118 119 120 121 122 123 124 125 1547 1548 1549 1550 1551 1552 1553 1554 1555 1556 1557 1558 1559 1560 1561 1562 1563 1564 1565 1566 1567 1568 1569 1570 1571 1572 
4536 101 102 103 104 105 106 107 108 109 110 111 112 113 114 115 116 117 118 119 120 121 122 123 124 1545 1546 1547 1548 1549 1550 1551 1552 1553 1554 1555 1556 1557 1558 1559 1560 1561 1562 1563 1564 1565 1566 1567 1568 1569 1570 1571 1572 
4537 104 105 106 107 108 109 110 111 112 113 114 115 116 117 118 119 120 121 122 1543 1544 1545 1546 1547 1548 1549 1550 1551 1552 1553 1554 1555 1556 1557 1558 1559 1560 1561 1562 1563 1564 1565 1566 1567 1568 1569 1570 1571 
4538 108 109 110 111 112 113 114 115 116 117 118 119 1542 1543 1544 1545 1546 1547 1548 1549 1550 1551 1552 1553 1554 1555 1556 1557 1558 1559 1560 1561 1562 1563 1564 1565 1566 1567 1568 1569 1570 
4539 1540 1541 1542 1543 1544 1545 1546 1547 1548 1549 1550 1551 1552 1553 1554 1555 1556 1557 1558 1559 1560 1561 1562 1563 1564 1565 1566 1567 1568 1569 
4540 1539 1540 1541 1542 1543 1544 1545 1546 1547 1548 1549 1550 1551 1552 1553 1554 1555 1556 1557 1558 1559 1560 1561 1562 1563 1564 1565 1566 1567 
