   3.9391533e-01   4.0502641e-01   4.1931217e-01   4.2671959e-01   4.2089951e-01   4.2751319e-01   4.2486775e-01   4.3783071e-01   4.6137565e-01   5.0291005e-01   5.3227511e-01   5.5925925e-01   5.6666670e-01   5.9629624e-01   6.4021167e-01   6.4761903e-01   6.3915337e-01   5.0661378e-01   3.0238089e-01   8.8888883e-02
   4.7013889e-01   4.7638885e-01   4.6874996e-01   4.5046300e-01   4.3217597e-01   4.2314814e-01   4.1689808e-01   4.0717600e-01   4.0138886e-01   4.0324079e-01   4.2291674e-01   4.8078703e-01   4.8495368e-01   5.0462964e-01   4.7939810e-01   4.6111107e-01   4.4421303e-01   4.2291668e-01   4.3657403e-01   3.2175919e-01
   2.3406863e-01   2.3186275e-01   2.3578437e-01   2.4754899e-01   2.5416665e-01   2.5882354e-01   2.6495099e-01   2.6470584e-01   2.8946076e-01   2.9730394e-01   3.0784316e-01   3.3137251e-01   3.5171574e-01   3.7549015e-01   4.3455878e-01   4.8210782e-01   5.3308832e-01   6.2107843e-01   6.5735294e-01   2.6568626e-01
   5.1261907e-01   5.0857143e-01   4.8928571e-01   4.5214290e-01   4.2357140e-01   3.9880949e-01   3.9452384e-01   3.8857137e-01   3.8809529e-01   3.9380950e-01   3.9666669e-01   3.9976190e-01   4.1095239e-01   4.1952380e-01   4.4952380e-01   4.2523814e-01   3.9880953e-01   3.0142856e-01   1.9166667e-01   8.4523830e-02
   3.0098037e-01   3.0163400e-01   3.0163416e-01   3.0098041e-01   3.1241824e-01   3.1797382e-01   3.1764704e-01   3.4444445e-01   3.7058820e-01   3.9934643e-01   4.2222224e-01   4.3300651e-01   4.7483661e-01   5.3137257e-01   4.8921571e-01   4.2254902e-01   3.3104579e-01   3.3856210e-01   3.7091502e-01   2.6666671e-01
   5.3685900e-01   5.3749998e-01   5.2692310e-01   5.2403838e-01   5.3910260e-01   5.0512817e-01   4.6858967e-01   4.2083329e-01   4.0384613e-01   4.0608971e-01   4.0256406e-01   4.0769235e-01   3.7371796e-01   3.6121800e-01   3.7980777e-01   4.1826919e-01   4.8717944e-01   5.5096152e-01   4.4967948e-01   1.4358974e-01
   2.3737379e-01   2.3333342e-01   2.4191915e-01   2.4595967e-01   2.6515152e-01   2.8434342e-01   3.1111109e-01   3.3585861e-01   3.4191921e-01   3.6414139e-01   4.0858585e-01   4.4949500e-01   4.8989903e-01   5.5050500e-01   5.7828282e-01   5.5303027e-01   5.2676767e-01   5.6161621e-01   4.7020203e-01   1.5858583e-01
   2.4999996e-01   2.5223882e-01   2.5000001e-01   2.5696510e-01   2.5621888e-01   2.5074624e-01   2.6069654e-01   2.7810946e-01   2.8532340e-01   2.9328357e-01   3.1218904e-01   3.4278601e-01   3.6616913e-01   4.1194025e-01   4.6616910e-01   5.2661690e-01   5.9577110e-01   6.2661685e-01   5.5970149e-01   5.4601988e-01
   3.6005295e-01   3.7460322e-01   3.8994708e-01   4.1375662e-01   4.3862435e-01   4.5343911e-01   4.5608462e-01   4.5502648e-01   4.5740737e-01   4.5846563e-01   4.5343916e-01   4.4391543e-01   4.1322752e-01   3.9259257e-01   4.2116397e-01   4.7645505e-01   5.3174598e-01   5.9523808e-01   5.9761905e-01   3.7645502e-01
   3.3962264e-01   3.3616349e-01   3.2578617e-01   3.3238991e-01   3.3962266e-01   3.6163519e-01   3.7044025e-01   3.7484274e-01   3.7106926e-01   3.9245289e-01   4.3899364e-01   4.9716977e-01   5.6981132e-01   5.7798736e-01   5.7075472e-01   4.6415096e-01   3.4874209e-01   3.0345919e-01   2.1855347e-01   9.5597470e-02
   4.2500003e-01   4.3815792e-01   4.5657895e-01   4.4166666e-01   4.1666666e-01   3.9736839e-01   3.6885958e-01   3.4166668e-01   3.0482463e-01   2.9517539e-01   2.8903511e-01   3.2412282e-01   3.2324563e-01   3.5964921e-01   3.8640358e-01   4.1535087e-01   4.1359650e-01   3.6666661e-01   4.4605268e-01   5.7938595e-01
   3.9537050e-01   4.0833328e-01   4.1203700e-01   4.3796300e-01   4.7870367e-01   5.5000000e-01   5.9351850e-01   6.2037039e-01   6.4166661e-01   6.5648133e-01   6.3981483e-01   6.0092589e-01   5.4259261e-01   4.6759261e-01   4.6759250e-01   4.9537039e-01   4.6944450e-01   3.5462978e-01   2.1296300e-01   9.6296283e-02
   4.0049024e-01   4.1960782e-01   4.4166662e-01   4.5833344e-01   4.6519606e-01   4.7549015e-01   4.9117641e-01   5.1960782e-01   5.5000003e-01   5.4313732e-01   5.4607841e-01   5.5686276e-01   5.7058815e-01   5.6911765e-01   5.1029418e-01   4.5392159e-01   4.0049024e-01   3.7500006e-01   5.3872547e-01   6.3921559e-01
   3.0787882e-01   2.9393936e-01   2.7727275e-01   2.7212124e-01   2.7333335e-01   2.9151505e-01   2.8939389e-01   3.0212120e-01   3.3060607e-01   3.4787887e-01   3.7636369e-01   3.9909089e-01   4.2484845e-01   4.5424238e-01   4.9666667e-01   4.9818184e-01   4.2181824e-01   2.7818177e-01   1.5000001e-01   7.5757587e-02
   2.3224643e-01   2.3659426e-01   2.3949274e-01   2.4057965e-01   2.2934793e-01   2.3115943e-01   2.3768113e-01   2.3804354e-01   2.4311589e-01   2.6630430e-01   2.9094204e-01   3.4420291e-01   3.9927533e-01   4.2753630e-01   4.0181159e-01   4.2608698e-01   5.3369576e-01   5.3913046e-01   4.1811587e-01   9.7463739e-02
   3.6388889e-01   3.4691359e-01   3.2993824e-01   3.1141978e-01   3.1296293e-01   2.7870370e-01   2.6820993e-01   2.7932091e-01   2.7993831e-01   2.8888894e-01   3.1481476e-01   3.3055556e-01   3.2685183e-01   3.4444437e-01   3.7530867e-01   4.0833331e-01   3.9845672e-01   3.8117281e-01   4.4938278e-01   3.1820989e-01
   3.1783623e-01   3.1754384e-01   3.1608188e-01   3.1169591e-01   3.0906430e-01   3.1403507e-01   3.2397658e-01   3.2982456e-01   3.3245616e-01   3.5701756e-01   3.7134500e-01   3.8508774e-01   3.9502923e-01   3.9970760e-01   4.6198830e-01   5.5087716e-01   6.2719296e-01   6.7251463e-01   6.5409360e-01   3.8859646e-01
   4.6068382e-01   4.5940177e-01   4.4529918e-01   4.1367523e-01   3.9658115e-01   3.5811964e-01   3.0512823e-01   2.6239315e-01   2.4957264e-01   2.3205131e-01   2.3504274e-01   2.3760685e-01   2.5641031e-01   2.8205128e-01   3.2136746e-01   3.7606833e-01   4.7948710e-01   5.5341882e-01   4.5256413e-01   1.5897430e-01
   6.6790119e-01   6.7469137e-01   6.5987663e-01   6.0740737e-01   5.1296300e-01   4.1975311e-01   4.0185189e-01   3.2839504e-01   2.7098770e-01   2.5308633e-01   2.4567896e-01   2.4753093e-01   2.9506174e-01   3.1419759e-01   3.4259263e-01   4.2407400e-01   4.8765426e-01   4.1728389e-01   4.8456796e-01   5.6851856e-01
   3.4282410e-01   3.3865740e-01   3.3773149e-01   3.2199074e-01   3.0069446e-01   2.7476856e-01   2.6712965e-01   2.7638888e-01   2.8217589e-01   2.9398149e-01   3.1736115e-01   3.4907407e-01   3.7754625e-01   4.0486104e-01   4.2407410e-01   5.0624997e-01   5.7569444e-01   6.5717588e-01   5.1967592e-01   1.5277779e-01
   3.6182800e-01   3.5752692e-01   3.5241937e-01   3.2903219e-01   2.9919353e-01   2.8817195e-01   2.8091397e-01   2.8037640e-01   2.9569889e-01   3.0215058e-01   3.3413981e-01   3.6801076e-01   4.0537635e-01   4.4247311e-01   4.7392473e-01   5.0322581e-01   5.6290318e-01   5.1666665e-01   4.5537631e-01   4.3763444e-01
   3.4707602e-01   3.4502921e-01   3.6666672e-01   3.9912279e-01   4.0847951e-01   4.2397663e-01   4.2953214e-01   4.7222221e-01   4.9093577e-01   4.7280700e-01   4.3859646e-01   4.0935677e-01   4.1432744e-01   4.8684205e-01   5.6929821e-01   5.9356719e-01   5.2339184e-01   4.1403509e-01   3.4707602e-01   2.8070176e-01
   3.9999996e-01   3.8706472e-01   3.9751243e-01   3.9751242e-01   3.8880600e-01   4.0223887e-01   4.1044776e-01   4.2487566e-01   4.4925373e-01   4.6666666e-01   4.8208958e-01   5.2736321e-01   5.7089558e-01   5.9651742e-01   5.9900501e-01   5.6542291e-01   5.4378106e-01   5.4950239e-01   5.2039799e-01   3.3283589e-01
   6.5303033e-01   6.4787878e-01   6.3515149e-01   6.2636362e-01   6.0181820e-01   5.0878793e-01   3.9242429e-01   3.2666667e-01   2.9818180e-01   2.8848482e-01   3.0303027e-01   2.8272725e-01   2.8515153e-01   2.9787880e-01   3.3212124e-01   3.9000002e-01   5.1242422e-01   6.2090907e-01   4.7272718e-01   1.2303024e-01
   4.4399999e-01   4.3733335e-01   4.2199999e-01   4.0644445e-01   3.9088885e-01   3.8222221e-01   3.6755560e-01   3.5844441e-01   3.7022221e-01   3.9044447e-01   4.4088885e-01   4.5888893e-01   4.8377777e-01   5.2244439e-01   5.4377776e-01   5.5133331e-01   5.0511112e-01   3.9155553e-01   2.4755555e-01   9.0000007e-02
   5.0392157e-01   5.1960786e-01   5.3692810e-01   5.4771243e-01   5.4673202e-01   5.5522869e-01   5.7026145e-01   5.5718955e-01   5.5326802e-01   5.2843137e-01   5.1535949e-01   5.2973861e-01   5.4215686e-01   5.4248365e-01   5.3627449e-01   5.1241833e-01   4.5947714e-01   4.2875816e-01   4.4183006e-01   3.9575165e-01
   2.4615388e-01   2.4307693e-01   2.4358975e-01   2.4923069e-01   2.4769228e-01   2.5820512e-01   2.5512826e-01   2.4923072e-01   2.6666668e-01   2.8333334e-01   3.1358972e-01   3.3666666e-01   3.8717945e-01   4.2384611e-01   5.1205129e-01   5.7384620e-01   5.1871803e-01   4.2871794e-01   3.4410260e-01   2.7333332e-01
   4.9285716e-01   5.0782312e-01   5.2006806e-01   5.3877553e-01   5.3877547e-01   5.5918369e-01   5.6870745e-01   5.7789124e-01   5.6462592e-01   5.5510210e-01   5.2721092e-01   4.5850337e-01   4.0476188e-01   3.9965984e-01   4.3401361e-01   4.7006808e-01   5.1530612e-01   4.8809522e-01   3.4931976e-01   1.3537417e-01
   2.5000006e-01   2.5952383e-01   2.6380951e-01   2.9238097e-01   3.0619049e-01   3.3285720e-01   3.8809526e-01   4.4380954e-01   4.8809526e-01   5.1999994e-01   5.7428580e-01   5.8809523e-01   5.4142863e-01   4.7523806e-01   4.5380949e-01   4.3285714e-01   4.4428569e-01   3.3809523e-01   1.9857138e-01   5.0476163e-02
   7.3060105e-01   7.0437154e-01   6.5327870e-01   6.0273221e-01   5.3497266e-01   4.4043716e-01   3.2486339e-01   2.4781426e-01   2.3196723e-01   2.2185800e-01   2.2896177e-01   2.4453551e-01   2.5683062e-01   2.8278692e-01   3.3907107e-01   4.0956280e-01   5.2677590e-01   5.5437156e-01   5.3114748e-01   2.5655738e-01
   3.2604169e-01   3.1614584e-01   3.2421881e-01   3.4140631e-01   3.5208331e-01   3.7968745e-01   3.7682295e-01   3.8723961e-01   3.8619800e-01   3.8333336e-01   3.9947917e-01   4.1197917e-01   4.2552086e-01   4.1041667e-01   3.5677081e-01   3.0390617e-01   2.4505212e-01   2.2473959e-01   1.8072917e-01   9.0364587e-02
   2.9289216e-01   3.2450978e-01   3.3725491e-01   3.7205885e-01   4.0955882e-01   4.2990197e-01   4.4534319e-01   4.4044122e-01   4.4877454e-01   4.5514707e-01   4.3921568e-01   4.3137257e-01   4.3039213e-01   4.1985293e-01   4.3137256e-01   4.7769613e-01   5.6372551e-01   5.2524506e-01   3.5343138e-01   1.3235298e-01
   6.3333332e-01   6.4734850e-01   6.4166664e-01   5.8636357e-01   5.1136359e-01   4.7424239e-01   4.3181820e-01   3.7916670e-01   3.0871211e-01   2.8371209e-01   2.8181820e-01   2.7727277e-01   2.7916666e-01   3.1515148e-01   3.7272727e-01   4.4318180e-01   3.9318180e-01   3.6136361e-01   4.3977277e-01   3.7272725e-01
   5.7765157e-01   5.7727277e-01   5.7575755e-01   5.7310600e-01   5.4962120e-01   5.3484850e-01   5.1969698e-01   4.5871211e-01   4.1628789e-01   3.9166675e-01   3.5984845e-01   3.5113634e-01   3.7575755e-01   3.8598486e-01   3.9280300e-01   3.9621205e-01   3.6515148e-01   3.5075761e-01   3.8068180e-01   3.9621214e-01
   4.3965514e-01   4.5689652e-01   4.3448279e-01   4.3850572e-01   4.6494248e-01   4.9310345e-01   5.0402290e-01   4.7356321e-01   4.8333341e-01   5.2873555e-01   5.8448269e-01   6.2816093e-01   6.4137938e-01   6.3563214e-01   5.8103448e-01   4.9655172e-01   4.3448276e-01   4.0402293e-01   3.4540231e-01   1.6264366e-01
   4.3888891e-01   4.4382719e-01   4.4197530e-01   4.3888891e-01   4.1018519e-01   3.7376539e-01   3.4814813e-01   3.2870367e-01   3.2098770e-01   3.1913578e-01   3.2314809e-01   3.1975311e-01   3.3549387e-01   3.5432098e-01   4.1728393e-01   4.8240739e-01   5.2129628e-01   6.4043211e-01   6.5401237e-01   3.2561731e-01
   2.2657659e-01   2.2387392e-01   2.4504511e-01   2.7432435e-01   3.0405400e-01   3.3648654e-01   3.5495500e-01   3.9594597e-01   4.4009005e-01   4.7882889e-01   5.2252262e-01   5.4144138e-01   5.3063062e-01   5.0855859e-01   5.0855857e-01   5.3153154e-01   5.3333330e-01   5.1846849e-01   4.5855851e-01   4.3828830e-01
   3.3563221e-01   3.3908053e-01   3.1695397e-01   2.9454024e-01   2.8563219e-01   2.8563224e-01   3.1091957e-01   3.2614943e-01   3.2614938e-01   3.5775860e-01   3.8793105e-01   4.2356322e-01   4.4166662e-01   4.4827588e-01   4.2643672e-01   4.7959766e-01   5.3160919e-01   4.8793097e-01   2.5603448e-01   6.9827595e-02
   4.7462681e-01   4.8159204e-01   4.9850751e-01   5.2263685e-01   5.3582087e-01   5.3756224e-01   5.3805970e-01   5.5970148e-01   5.7611942e-01   5.9726372e-01   5.7935321e-01   5.3457712e-01   5.1218906e-01   5.2960199e-01   5.6641796e-01   6.0422887e-01   6.0273631e-01   5.4925370e-01   3.6243779e-01   1.3482591e-01
   4.1344090e-01   4.1639790e-01   4.1209679e-01   4.3548389e-01   4.2661285e-01   4.0860206e-01   4.1935484e-01   4.0564518e-01   3.9946237e-01   3.8736565e-01   3.6801073e-01   3.6505371e-01   3.5349465e-01   3.6370961e-01   4.0887098e-01   4.2607535e-01   4.2231185e-01   3.3763445e-01   3.0698923e-01   3.2634410e-01
   5.0128223e-01   5.1794869e-01   5.1474350e-01   5.3846154e-01   5.0769235e-01   5.1410262e-01   4.8653854e-01   4.5641023e-01   4.3782054e-01   4.1538454e-01   3.9807692e-01   3.9807688e-01   3.7564112e-01   3.7884612e-01   4.0641031e-01   4.2820523e-01   4.6858977e-01   5.3076923e-01   5.3782046e-01   5.2628196e-01
   3.8655913e-01   4.0430106e-01   4.1182797e-01   4.1129032e-01   4.2634410e-01   4.7688168e-01   5.2741935e-01   5.8333323e-01   6.0860210e-01   6.1236561e-01   6.0161294e-01   6.1451616e-01   5.8172048e-01   5.3333332e-01   5.0268816e-01   4.6344084e-01   4.6612900e-01   4.4677423e-01   4.6344084e-01   2.8494623e-01
   3.5878791e-01   3.7000000e-01   3.8636362e-01   3.8757569e-01   3.8969700e-01   4.0545451e-01   4.1818180e-01   4.3454549e-01   4.4575758e-01   4.3757575e-01   4.4212122e-01   4.4333329e-01   4.3393942e-01   4.5575760e-01   4.5969693e-01   4.3787882e-01   3.4212124e-01   3.0878793e-01   3.9272731e-01   5.6939396e-01
   3.7181818e-01   3.7454549e-01   3.8060605e-01   4.0696967e-01   4.2090904e-01   4.5151520e-01   4.7424245e-01   4.8606067e-01   4.8272729e-01   4.9393936e-01   5.1121207e-01   4.9727278e-01   4.7060611e-01   4.4484849e-01   4.5393935e-01   4.6303025e-01   5.0999995e-01   5.6151515e-01   4.6848487e-01   8.8181833e-02
   5.0156253e-01   4.9375000e-01   5.0937506e-01   5.0468747e-01   4.9635416e-01   4.4739591e-01   4.2552088e-01   4.1562500e-01   4.4166666e-01   4.5156247e-01   4.6145825e-01   4.2500000e-01   3.8802069e-01   4.1302087e-01   4.6354163e-01   5.8697925e-01   5.9166663e-01   4.3125003e-01   1.8593745e-01   4.7395825e-02
   4.0800004e-01   4.3200000e-01   4.6866668e-01   5.0199996e-01   5.2000004e-01   5.3000000e-01   5.7200004e-01   5.6866664e-01   5.6399992e-01   5.8066660e-01   5.6600000e-01   5.9600008e-01   5.9533336e-01   5.5600000e-01   4.7933340e-01   3.4733332e-01   2.3933332e-01   1.5333328e-01   9.8000000e-02   4.9999996e-02
   1.3695656e-01   1.4384058e-01   1.5579711e-01   1.6702900e-01   1.8550726e-01   2.0688407e-01   2.3804354e-01   2.7717398e-01   3.0760872e-01   3.3731887e-01   3.8188409e-01   3.9239126e-01   3.8731883e-01   3.9202900e-01   3.7934785e-01   3.2137687e-01   2.9456517e-01   2.5615943e-01   1.8478264e-01   8.1884076e-02
   4.5000003e-01   4.5392159e-01   4.4754903e-01   4.2500006e-01   3.9362750e-01   3.5882356e-01   3.1911765e-01   2.9901965e-01   2.9460782e-01   3.0441174e-01   3.1617644e-01   3.3676465e-01   3.4901956e-01   3.9068632e-01   4.2598032e-01   5.0490197e-01   6.5490194e-01   5.8921562e-01   4.2990188e-01   4.1274512e-01
   2.2486336e-01   2.3551915e-01   2.3387977e-01   2.3879780e-01   2.4863393e-01   2.5846993e-01   2.6857921e-01   2.7868859e-01   2.9125685e-01   3.1475408e-01   3.1475413e-01   3.4562839e-01   3.6475410e-01   3.8251367e-01   4.0901639e-01   4.6092895e-01   4.6120215e-01   4.4207644e-01   3.8169398e-01   5.6775956e-01
   4.0988367e-01   4.1143407e-01   4.2015508e-01   4.0968990e-01   4.0620152e-01   3.8430236e-01   3.7015509e-01   3.6259692e-01   3.6860470e-01   3.6279067e-01   3.6279071e-01   3.6143409e-01   3.8817828e-01   4.0833334e-01   4.0290698e-01   4.2965115e-01   4.8488372e-01   5.3565891e-01   4.4418605e-01   1.3217057e-01
