   2.3214293e-01   2.4523829e-01   2.6428571e-01   2.4404771e-01   2.7738093e-01   3.0476179e-01   3.0833343e-01   2.9047614e-01   2.8809500e-01   2.7976193e-01   3.3452386e-01   4.0714286e-01   4.6904757e-01   5.2619036e-01   5.1904750e-01   3.9523821e-01   2.1190483e-01   1.1190493e-01   2.9761879e-02   1.1904786e-03
   3.7666660e-01   4.4666680e-01   4.3666660e-01   4.3666660e-01   4.5333340e-01   4.2333340e-01   5.0333340e-01   4.8000000e-01   5.4000000e-01   5.3666680e-01   4.8333320e-01   5.9333340e-01   5.3000000e-01   5.3666680e-01   5.3000000e-01   4.6000000e-01   4.0000020e-01   2.4666660e-01   1.4000006e-01   5.5666680e-01
   3.2371804e-01   3.4230765e-01   3.4038465e-01   3.3846154e-01   3.3846158e-01   3.7371800e-01   3.7820504e-01   4.1346158e-01   4.0576919e-01   4.3012823e-01   5.0961542e-01   5.5512823e-01   5.8461531e-01   5.0384615e-01   3.9358973e-01   3.8461535e-01   3.6923077e-01   2.2884613e-01   1.4230774e-01   9.8717892e-02
   2.9722222e-01   3.3796300e-01   3.4907400e-01   3.2592589e-01   3.4166678e-01   3.2962956e-01   3.4166656e-01   3.7962978e-01   4.5092589e-01   4.7870361e-01   5.0555550e-01   5.3425917e-01   5.6481494e-01   5.9629628e-01   5.5370378e-01   3.7870367e-01   2.2037033e-01   1.7037037e-01   1.5925929e-01   5.8333356e-02
   2.8174610e-01   3.0793643e-01   3.0238105e-01   3.2857143e-01   3.6825395e-01   3.7777781e-01   3.6746029e-01   3.9126986e-01   3.9444457e-01   4.1349200e-01   4.4523810e-01   4.2619038e-01   3.4444448e-01   2.9761895e-01   2.8333348e-01   2.6904757e-01   2.8730162e-01   3.2222219e-01   3.7619038e-01   6.7698419e-01
   3.1086961e-01   3.4057970e-01   3.7391309e-01   3.9927543e-01   4.2463765e-01   4.9782617e-01   5.0797104e-01   5.4420287e-01   5.6666670e-01   5.6956509e-01   5.4202896e-01   5.3695639e-01   5.7463761e-01   5.5000004e-01   4.5217396e-01   3.4927543e-01   3.0000000e-01   3.5652187e-01   3.4347817e-01   7.9710074e-02
   3.9506170e-01   4.1975307e-01   4.6790126e-01   4.5370367e-01   4.5555552e-01   4.9629637e-01   4.8456785e-01   4.2098767e-01   4.5246915e-01   4.9753085e-01   4.7901241e-01   5.4197537e-01   6.1975315e-01   5.8086415e-01   5.2901230e-01   4.7283944e-01   3.8086419e-01   1.8703699e-01   8.5185193e-02   1.4629627e-01
   2.7435900e-01   2.9102565e-01   3.2820508e-01   3.4358977e-01   3.5320508e-01   3.8846138e-01   4.2884612e-01   4.4294873e-01   5.1282054e-01   5.2371800e-01   5.0576923e-01   5.1538458e-01   5.0833323e-01   4.9487173e-01   4.8589746e-01   4.8076927e-01   3.4423073e-01   2.2051282e-01   1.2435895e-01   1.2564102e-01
   3.9848491e-01   3.9393936e-01   3.9469695e-01   4.1969705e-01   4.4242423e-01   4.5303027e-01   4.7272732e-01   4.8409082e-01   4.9772723e-01   5.8333332e-01   5.3409086e-01   5.1742445e-01   4.2803023e-01   3.5075764e-01   3.0833341e-01   2.7954541e-01   3.0909100e-01   4.0378786e-01   3.6515155e-01   1.9393950e-01
   2.8703702e-01   2.9814818e-01   3.2370373e-01   3.4740740e-01   3.7111109e-01   4.0000002e-01   4.3666667e-01   4.7074076e-01   5.4259258e-01   5.9851849e-01   6.4518518e-01   6.5481484e-01   6.3629629e-01   5.8407411e-01   5.2703704e-01   4.5814811e-01   3.3481487e-01   2.1444442e-01   1.0333336e-01   5.7407420e-02
   3.9818837e-01   4.1847826e-01   4.4492750e-01   4.6159430e-01   5.0434783e-01   5.2862328e-01   5.3188404e-01   5.3840585e-01   5.8550726e-01   5.7463770e-01   5.7500000e-01   5.5036230e-01   5.4420293e-01   5.1557976e-01   4.4130435e-01   3.6268120e-01   2.3768121e-01   1.5905803e-01   1.3659423e-01   6.2681130e-02
   3.4500000e-01   3.6499990e-01   3.7833330e-01   4.3833340e-01   4.6500000e-01   4.5666660e-01   4.6999990e-01   5.0166660e-01   4.7333320e-01   4.7999990e-01   4.3666680e-01   3.3833340e-01   3.8000000e-01   3.5333340e-01   3.8333340e-01   4.9666670e-01   5.7333340e-01   5.1500000e-01   3.7333330e-01   4.1666700e-02
   3.6495733e-01   4.0341885e-01   4.2478631e-01   4.2820513e-01   4.2606841e-01   4.3076921e-01   4.4444441e-01   4.3333328e-01   4.3376072e-01   4.3717944e-01   4.6495728e-01   4.7692313e-01   4.8418808e-01   5.3247862e-01   5.4230777e-01   4.4871795e-01   3.0982913e-01   1.9529910e-01   1.3290604e-01   5.2991459e-02
   2.6666665e-01   2.8260874e-01   2.8913039e-01   3.1159417e-01   3.6739126e-01   3.6231883e-01   3.5072457e-01   3.6594204e-01   4.1304343e-01   4.1159426e-01   4.3913039e-01   4.2681161e-01   3.5652161e-01   3.0217387e-01   2.7608700e-01   2.4999996e-01   2.7608700e-01   3.3768122e-01   5.5072465e-01   3.8188396e-01
   2.3266668e-01   2.3466672e-01   2.4133328e-01   2.4066660e-01   2.6800000e-01   2.6200008e-01   2.5000004e-01   2.6866672e-01   2.9800000e-01   3.3533332e-01   3.3866664e-01   3.9733324e-01   4.4933336e-01   3.9333336e-01   3.7799992e-01   3.9066664e-01   3.7066668e-01   2.6466668e-01   1.1533332e-01   1.6666664e-02
   4.0151523e-01   4.2121214e-01   4.6136368e-01   4.6287868e-01   5.2348468e-01   5.2272732e-01   5.1212114e-01   5.7575759e-01   5.7424241e-01   6.1439405e-01   6.5606068e-01   6.5227268e-01   6.0909091e-01   4.9621218e-01   3.7272723e-01   2.9318179e-01   2.0606062e-01   1.0530296e-01   3.4848500e-02   6.8181864e-03
   4.0133340e-01   4.2666668e-01   4.4600004e-01   4.3999996e-01   4.4133336e-01   4.4133324e-01   4.7799992e-01   5.0466668e-01   5.5999996e-01   5.4666668e-01   5.1866676e-01   4.4800004e-01   4.2800000e-01   4.2466668e-01   4.2400004e-01   4.4466676e-01   4.6000008e-01   3.4000000e-01   1.4133335e-01   7.8000052e-02
   3.6111100e-01   4.0277778e-01   4.3981494e-01   4.7777767e-01   5.0277778e-01   4.5370372e-01   4.4722222e-01   4.2777778e-01   4.2222217e-01   4.3055544e-01   4.0833333e-01   3.7407400e-01   3.5555556e-01   3.4722222e-01   3.4444439e-01   3.5462956e-01   3.7685189e-01   3.4074067e-01   2.8333344e-01   1.7129637e-01
   3.5987652e-01   3.9814815e-01   4.0493822e-01   4.5925926e-01   4.8703693e-01   4.8271607e-01   4.6234574e-01   4.7716044e-01   4.3271607e-01   4.1604937e-01   4.2160493e-01   4.5679004e-01   4.7283948e-01   4.8518522e-01   3.9999996e-01   3.9938274e-01   3.9814826e-01   3.0740741e-01   1.9506169e-01   7.4074133e-02
   2.5931374e-01   2.6372547e-01   2.9362747e-01   3.3284318e-01   3.3872541e-01   3.9068626e-01   3.9950985e-01   3.9215694e-01   3.9264703e-01   4.1715691e-01   4.3039212e-01   4.4362747e-01   4.3186271e-01   3.5735294e-01   2.8480394e-01   2.9068629e-01   3.4117653e-01   4.6176471e-01   3.3774503e-01   1.1323527e-01
   3.6075268e-01   3.6935481e-01   3.8763435e-01   4.3548384e-01   4.8494632e-01   5.2849465e-01   5.4623658e-01   5.4032261e-01   5.2741932e-01   5.1021506e-01   4.7795700e-01   4.6397848e-01   4.8118274e-01   5.3279571e-01   5.8010748e-01   5.3010755e-01   3.8870974e-01   2.3225807e-01   1.3494622e-01   4.3010768e-02
   3.9791663e-01   4.2569454e-01   4.5069442e-01   4.7500000e-01   4.9930558e-01   4.6250004e-01   4.4305571e-01   4.5902775e-01   4.7986108e-01   4.7222217e-01   5.0972221e-01   5.6250000e-01   5.5763879e-01   5.4236113e-01   5.5416663e-01   5.4166662e-01   4.7708329e-01   3.7222208e-01   2.0486105e-01   5.8333379e-02
   2.9197530e-01   3.1049374e-01   3.4444448e-01   3.8148148e-01   4.0123456e-01   4.5185185e-01   4.8703700e-01   5.2160489e-01   5.1049389e-01   4.9320996e-01   5.1234563e-01   5.5987659e-01   5.3271607e-01   4.8580248e-01   5.0061730e-01   4.8395063e-01   4.5370374e-01   3.9259256e-01   4.2530863e-01   3.7777778e-01
   4.1358015e-01   4.2962967e-01   4.3641963e-01   4.7716048e-01   5.0864207e-01   4.8888885e-01   4.6358037e-01   4.5740744e-01   4.5123448e-01   4.7222230e-01   5.4074074e-01   5.7407411e-01   5.8148152e-01   6.0987656e-01   5.3148148e-01   3.8271615e-01   3.2098778e-01   2.8703700e-01   1.9814819e-01   5.1851856e-02
   2.1282038e-01   2.2435908e-01   2.2820500e-01   2.7179492e-01   2.2307685e-01   2.0769223e-01   2.2051300e-01   2.5128208e-01   2.3589738e-01   2.7435908e-01   3.2948700e-01   3.6025646e-01   4.2051285e-01   5.3333323e-01   5.1538462e-01   3.8589738e-01   2.7435910e-01   1.5384623e-01   1.3461531e-01   1.0256408e-01
   3.6388883e-01   3.5277800e-01   3.7777767e-01   3.9722217e-01   4.1111133e-01   4.1944467e-01   4.1944450e-01   5.0833317e-01   5.6666683e-01   4.8888900e-01   5.0833333e-01   4.5000017e-01   5.0555533e-01   4.8888883e-01   4.3611083e-01   4.6944450e-01   4.1388883e-01   4.0555533e-01   4.4999983e-01   7.4722233e-01
   2.6416670e-01   2.9333330e-01   3.1833345e-01   3.1500010e-01   3.5166665e-01   3.5416670e-01   3.4500005e-01   3.8749995e-01   4.2000010e-01   4.4666670e-01   4.1500005e-01   3.8833340e-01   3.4166660e-01   3.8250005e-01   4.0583335e-01   3.8749995e-01   2.8916665e-01   2.6833328e-01   3.2333335e-01   4.1083335e-01
   3.5729169e-01   3.6197916e-01   3.8020834e-01   3.9895837e-01   3.9895837e-01   3.9947916e-01   4.1458331e-01   4.1666669e-01   4.3958341e-01   4.5989581e-01   5.0781253e-01   5.3333331e-01   5.0989581e-01   4.2864584e-01   3.7968747e-01   3.2708334e-01   3.3541672e-01   3.6406256e-01   2.7083328e-01   9.2708353e-02
   3.1904771e-01   3.4285721e-01   3.5476179e-01   3.8452371e-01   3.8452371e-01   4.1666664e-01   4.0357136e-01   4.7023807e-01   5.0238093e-01   5.2500000e-01   4.9523814e-01   4.6309521e-01   3.9761900e-01   4.2142850e-01   4.6190471e-01   4.5952371e-01   4.8928579e-01   5.6547621e-01   6.3571436e-01   4.0476186e-01
   3.8782050e-01   3.9807685e-01   4.0576923e-01   4.1282050e-01   4.5512819e-01   4.7307688e-01   5.0384619e-01   4.9102562e-01   4.9423085e-01   5.1346150e-01   4.8589742e-01   4.7179488e-01   5.0641027e-01   4.4230769e-01   3.6923073e-01   3.3012812e-01   3.1474358e-01   3.0448723e-01   3.6666669e-01   3.1282050e-01
   4.4393936e-01   4.5530300e-01   4.4924250e-01   4.4393936e-01   4.3409095e-01   4.2348482e-01   4.5833332e-01   4.6893927e-01   4.7575764e-01   5.0075755e-01   4.6060605e-01   4.4696964e-01   4.2272727e-01   4.5227282e-01   4.7651518e-01   4.8863641e-01   5.0075764e-01   4.7651514e-01   4.2424236e-01   2.9848477e-01
   2.6481478e-01   2.5555550e-01   3.0555556e-01   3.4907406e-01   3.7500000e-01   3.8240750e-01   4.0462956e-01   3.9074083e-01   4.0277783e-01   4.0833328e-01   4.5185183e-01   4.9166667e-01   5.0833333e-01   4.2407406e-01   3.4537033e-01   4.0277783e-01   3.7870383e-01   3.4259256e-01   4.4074078e-01   1.5925932e-01
   3.3125013e-01   3.8333338e-01   3.8750000e-01   3.8958338e-01   4.4999988e-01   3.8750000e-01   3.9375013e-01   4.6458338e-01   4.4791663e-01   3.8750012e-01   3.2500000e-01   3.1875000e-01   3.1041663e-01   3.1875000e-01   3.2500000e-01   2.8541662e-01   3.6041675e-01   5.3958325e-01   4.0000000e-01   7.9166700e-02
   3.9090918e-01   4.3333345e-01   4.3484845e-01   5.0303036e-01   5.4090900e-01   5.2272736e-01   5.1212118e-01   4.9999991e-01   5.3787882e-01   4.7272727e-01   5.0151509e-01   4.5000009e-01   3.6212118e-01   3.3484845e-01   2.9545464e-01   2.7878782e-01   2.6060600e-01   3.3030300e-01   4.0909082e-01   5.9696964e-01
   2.2592594e-01   2.2777789e-01   2.4629611e-01   2.3148144e-01   2.4722228e-01   2.8518506e-01   3.1666667e-01   3.5185183e-01   3.9444456e-01   3.7870372e-01   3.7777783e-01   3.4444439e-01   3.0833328e-01   3.0740739e-01   3.1111100e-01   3.2222222e-01   3.0370378e-01   3.2870367e-01   2.9722222e-01   1.2962963e-01
   3.6047611e-01   3.5714280e-01   3.8047620e-01   3.9047620e-01   4.0190477e-01   4.0238091e-01   4.2619046e-01   4.4333334e-01   4.4952383e-01   4.7904766e-01   4.9238097e-01   4.8666669e-01   4.4285717e-01   3.6523817e-01   3.1904760e-01   2.8999994e-01   3.1857140e-01   3.3857134e-01   4.2571426e-01   4.6476200e-01
   3.9242423e-01   3.9469695e-01   4.4166668e-01   4.7424232e-01   4.6287882e-01   4.4242418e-01   4.3787882e-01   4.1969705e-01   4.5984855e-01   4.5833336e-01   5.1969691e-01   5.1666659e-01   4.3939395e-01   3.7651523e-01   3.5303027e-01   3.7196973e-01   3.7121209e-01   4.5757573e-01   3.4090905e-01   4.2424241e-02
   2.6869924e-01   2.9146344e-01   3.0365854e-01   3.3821137e-01   3.6016266e-01   4.0528461e-01   4.2764222e-01   4.8414627e-01   4.6341471e-01   4.5691059e-01   4.1260161e-01   4.0813005e-01   4.1666663e-01   4.9349593e-01   5.5772349e-01   5.1138207e-01   3.8130088e-01   2.3902430e-01   1.3373984e-01   3.6585380e-02
   3.8055554e-01   4.2916687e-01   4.4513888e-01   4.3819454e-01   4.6666667e-01   4.8402779e-01   5.4166667e-01   5.6527788e-01   5.5972221e-01   5.9652783e-01   5.9722217e-01   5.8541667e-01   4.7291658e-01   4.2222213e-01   3.5555550e-01   3.3402783e-01   3.2152779e-01   2.6666658e-01   1.7013892e-01   6.4583354e-02
   2.5634919e-01   2.6904767e-01   2.7301590e-01   3.0396819e-01   3.2142857e-01   3.6904767e-01   3.9603186e-01   3.5714267e-01   3.5317457e-01   3.8095248e-01   3.9999995e-01   3.8253976e-01   4.4047619e-01   4.7063495e-01   4.7619043e-01   4.6904752e-01   3.5793652e-01   2.2222219e-01   1.2539677e-01   1.3730154e-01
   4.0384623e-01   4.3076923e-01   4.2564100e-01   4.3974354e-01   4.7435900e-01   5.2948715e-01   5.8333331e-01   6.0256423e-01   5.7948723e-01   5.1153854e-01   4.2948723e-01   4.3846162e-01   4.3974362e-01   3.9871800e-01   4.2820515e-01   4.1410246e-01   4.0641031e-01   2.2820508e-01   1.1538455e-01   3.9743638e-02
   2.7196977e-01   3.1515145e-01   3.1439395e-01   3.3106059e-01   3.6363636e-01   4.0303023e-01   4.4772732e-01   4.8712123e-01   4.8409077e-01   5.2424236e-01   5.2803032e-01   5.4242432e-01   5.7424236e-01   5.9393941e-01   5.1287882e-01   4.6515164e-01   4.2575755e-01   3.5984850e-01   2.7803041e-01   8.3333268e-02
   3.9090900e-01   4.2575745e-01   4.1515155e-01   3.8030309e-01   4.0606064e-01   4.3939382e-01   5.2878791e-01   5.3787891e-01   5.1666655e-01   5.2272727e-01   5.1666664e-01   5.4090900e-01   4.7727264e-01   4.2121200e-01   4.2424236e-01   4.3181809e-01   4.4242427e-01   5.5757573e-01   5.6969682e-01   5.5151536e-01
   4.0083325e-01   4.0583340e-01   4.1166660e-01   4.3833340e-01   4.6916660e-01   4.6083335e-01   4.9833335e-01   5.3583340e-01   5.1750005e-01   5.3833325e-01   5.2000005e-01   4.9416660e-01   4.7250000e-01   4.6250005e-01   4.6083335e-01   3.9333335e-01   3.7916665e-01   3.5083330e-01   1.9166672e-01   3.0083335e-01
   2.5555548e-01   2.6481478e-01   2.8456789e-01   3.3456785e-01   3.6172841e-01   3.5370378e-01   3.6604952e-01   3.6172830e-01   3.7592596e-01   3.8271607e-01   4.0246919e-01   4.1296296e-01   4.4382704e-01   4.5679000e-01   3.7098767e-01   3.1358022e-01   3.9320981e-01   3.5740733e-01   1.6604934e-01   5.8641937e-02
   3.3390807e-01   3.5459769e-01   3.7701152e-01   4.0000003e-01   4.1954010e-01   4.2183910e-01   4.0919538e-01   4.3620683e-01   4.5229890e-01   4.6954017e-01   4.6839079e-01   4.7068966e-01   4.5402297e-01   4.1724134e-01   3.4137928e-01   3.0977010e-01   2.6839079e-01   3.4540224e-01   4.8505745e-01   2.1609193e-01
   4.2820492e-01   4.3076915e-01   4.4230777e-01   4.4615392e-01   4.9871777e-01   5.5769223e-01   5.7948715e-01   6.1410246e-01   5.8333331e-01   5.5128208e-01   4.7435892e-01   3.6282069e-01   3.3205138e-01   3.2948700e-01   3.3974354e-01   3.7948715e-01   3.5128200e-01   3.8846162e-01   3.7820515e-01   1.0384610e-01
   3.8000000e-01   3.9833325e-01   4.1750000e-01   4.5000000e-01   4.4166665e-01   4.6083330e-01   4.8249995e-01   4.7166675e-01   4.5833335e-01   4.8250000e-01   4.5583330e-01   3.9833340e-01   3.5500000e-01   3.5833335e-01   3.2583345e-01   3.1000005e-01   3.5833325e-01   3.0250005e-01   3.1666665e-01   5.3083340e-01
   4.3809521e-01   4.4999993e-01   4.3452393e-01   4.3452386e-01   4.2380957e-01   4.2857143e-01   4.6190471e-01   4.5952386e-01   4.7380957e-01   5.2142864e-01   5.7261907e-01   5.4523807e-01   5.5000000e-01   5.8571436e-01   5.4523807e-01   4.5714286e-01   3.3571436e-01   3.0119043e-01   3.1190471e-01   1.0238096e-01
   3.0185184e-01   3.0666669e-01   3.3185178e-01   3.4296298e-01   3.6407404e-01   4.2407402e-01   4.8407400e-01   5.1703707e-01   5.1259262e-01   4.9555553e-01   4.8185184e-01   4.9444442e-01   4.5259256e-01   4.1888884e-01   4.2888882e-01   3.7777780e-01   3.9259262e-01   3.1259260e-01   1.9851853e-01   6.8148178e-02
