   3.6410262e-01   3.5512815e-01   3.1666669e-01   2.9871808e-01   2.9358985e-01   2.8333331e-01   2.6923069e-01   2.7179485e-01   2.4743592e-01   2.4615385e-01   2.7051285e-01   2.7179485e-01   2.6538477e-01   2.5641031e-01   2.8846154e-01   3.2051262e-01   4.7307692e-01   4.9615392e-01   4.6794869e-01   3.1153838e-01
   2.2179500e-01   2.1025631e-01   2.1410254e-01   2.2564100e-01   2.1538454e-01   2.2179477e-01   2.5000000e-01   2.8076915e-01   3.3461546e-01   4.0769238e-01   4.5384608e-01   4.6794869e-01   5.3974362e-01   5.9487192e-01   6.2307700e-01   6.1282046e-01   5.1282054e-01   3.5897431e-01   3.3717946e-01   3.9743585e-01
   4.9583335e-01   4.8583330e-01   4.1750005e-01   3.7250000e-01   3.5166670e-01   3.6083330e-01   3.7583335e-01   3.4083325e-01   3.3083325e-01   3.3500005e-01   3.2416665e-01   3.5916670e-01   3.6833340e-01   3.8250005e-01   3.9249995e-01   4.1499995e-01   5.2416665e-01   6.2083335e-01   5.2666665e-01   1.4916669e-01
   4.1014491e-01   4.0072452e-01   3.9130435e-01   3.7028987e-01   3.5652178e-01   3.1956522e-01   3.3768113e-01   3.6449278e-01   3.8043483e-01   3.7826083e-01   3.9782609e-01   4.0942026e-01   3.8695643e-01   3.5797104e-01   3.6449274e-01   4.5869561e-01   5.1376813e-01   5.9130435e-01   6.5724630e-01   3.2681161e-01
   3.0277789e-01   3.1111111e-01   3.1574072e-01   3.2592594e-01   3.2129628e-01   3.0462967e-01   3.3148144e-01   3.6574067e-01   3.5833322e-01   4.0000000e-01   4.1759256e-01   4.7037033e-01   4.5833328e-01   4.2314811e-01   3.7870361e-01   4.5277783e-01   5.5925922e-01   7.2685189e-01   6.8240750e-01   2.3055567e-01
   2.2583325e-01   2.3666660e-01   2.1416665e-01   2.2666670e-01   2.1999995e-01   2.4250000e-01   2.5166665e-01   2.5999995e-01   3.0750005e-01   3.5416665e-01   3.8250000e-01   3.7833335e-01   3.5916670e-01   3.7000000e-01   3.7916660e-01   3.4916670e-01   3.4666675e-01   4.2916655e-01   4.8333335e-01   2.0833328e-01
   3.3888900e-01   3.0833350e-01   2.9444433e-01   2.6666650e-01   2.7777783e-01   2.8333333e-01   3.4722233e-01   3.1944417e-01   3.5555567e-01   3.8888900e-01   4.7222233e-01   5.7222217e-01   6.5833333e-01   6.7777767e-01   5.6111117e-01   4.7222233e-01   4.3888883e-01   4.2222217e-01   4.1944450e-01   3.5277783e-01
   1.8750000e-01   1.8541675e-01   1.9999988e-01   2.1145831e-01   2.2812494e-01   2.0416681e-01   2.0625006e-01   2.2500000e-01   2.4375000e-01   2.8020844e-01   3.4895831e-01   3.8437506e-01   4.5312513e-01   5.0937500e-01   5.4375006e-01   5.6666675e-01   5.3750000e-01   3.9166669e-01   2.1979167e-01   5.2083319e-02
   2.5166675e-01   2.4166660e-01   2.5583330e-01   2.5416660e-01   2.5750000e-01   2.5000000e-01   2.5750005e-01   2.6916670e-01   2.7333330e-01   3.0833335e-01   3.5583320e-01   3.8250000e-01   4.0250005e-01   3.9583340e-01   4.2083335e-01   4.9666670e-01   5.7583335e-01   6.3583320e-01   3.8916665e-01   1.2333329e-01
   2.7745094e-01   2.7450982e-01   2.8039212e-01   2.7941165e-01   2.8431371e-01   2.8431371e-01   3.0392165e-01   3.1372565e-01   3.2549018e-01   3.5392159e-01   3.4607835e-01   3.4803929e-01   3.6764694e-01   4.5588229e-01   4.7745094e-01   5.1764700e-01   4.2156853e-01   2.6176482e-01   2.1372553e-01   3.6078429e-01
   3.0888893e-01   2.7333337e-01   2.8666663e-01   2.7611120e-01   2.7666670e-01   3.0000003e-01   3.1388893e-01   3.1277780e-01   3.0055553e-01   3.2777793e-01   3.3666667e-01   3.6000007e-01   4.6222223e-01   5.1833340e-01   5.6333337e-01   5.6388887e-01   5.6055557e-01   6.3222223e-01   6.1277773e-01   3.2166662e-01
   2.9416670e-01   2.7833340e-01   2.7166660e-01   2.6083325e-01   2.7833345e-01   3.0999995e-01   3.1083325e-01   3.4833345e-01   4.0750005e-01   4.0000005e-01   4.2000000e-01   4.5166670e-01   4.1833340e-01   4.0416665e-01   4.5833330e-01   5.4666660e-01   5.7000010e-01   5.9333330e-01   5.4583330e-01   3.6333335e-01
   2.1666662e-01   2.3205146e-01   2.2179477e-01   2.2435908e-01   2.3205146e-01   2.3076931e-01   2.3974354e-01   2.5769223e-01   2.8461538e-01   3.3333338e-01   3.9230769e-01   4.2435892e-01   4.2179485e-01   3.6794877e-01   3.6794869e-01   3.7564100e-01   4.1153846e-01   3.0128200e-01   3.8846154e-01   4.6410269e-01
   4.9047614e-01   4.7142852e-01   4.3095248e-01   4.2460310e-01   3.9444443e-01   3.9999995e-01   3.9444438e-01   3.6031752e-01   3.6349214e-01   3.3174614e-01   3.3095238e-01   3.3492062e-01   3.4682548e-01   4.0079357e-01   3.8809533e-01   3.8253967e-01   3.6984133e-01   3.8333338e-01   3.2142871e-01   2.1587300e-01
   4.8947368e-01   5.0350874e-01   4.7894742e-01   4.4385958e-01   3.9298247e-01   3.8947379e-01   3.6228074e-01   3.2982453e-01   3.3508774e-01   3.5175437e-01   3.4561395e-01   3.5701753e-01   3.5964905e-01   3.6315789e-01   3.9736847e-01   4.4649121e-01   4.2807021e-01   3.5877200e-01   3.7982458e-01   5.4561400e-01
   4.0000007e-01   3.7023814e-01   3.6190479e-01   3.4880950e-01   3.3928571e-01   3.6666664e-01   3.2619036e-01   3.4285707e-01   3.4047614e-01   3.4166657e-01   3.6428579e-01   4.6547614e-01   4.8928571e-01   4.8214293e-01   4.3809529e-01   4.2380957e-01   5.0833336e-01   5.5000014e-01   4.8690464e-01   3.9761907e-01
   3.1470594e-01   2.9607841e-01   2.6078429e-01   2.4999988e-01   2.7058818e-01   2.9705888e-01   3.1176471e-01   3.0588235e-01   3.6764700e-01   3.9215682e-01   3.9411765e-01   4.1960788e-01   4.5490206e-01   4.9411776e-01   5.4803906e-01   6.1470582e-01   5.5784318e-01   4.6372547e-01   4.6372541e-01   5.6862741e-01
   2.8968248e-01   2.9841267e-01   3.0793648e-01   3.5317452e-01   3.9444438e-01   4.4920643e-01   4.3492067e-01   3.9365071e-01   3.5555548e-01   3.4444448e-01   3.5396824e-01   3.4841276e-01   3.6111119e-01   4.0634924e-01   4.0317457e-01   4.4682543e-01   5.0396824e-01   6.3650790e-01   6.4920638e-01   2.7539686e-01
   3.6583340e-01   3.6583325e-01   3.6833335e-01   3.7499995e-01   3.6833330e-01   3.7583330e-01   3.6249995e-01   3.5166665e-01   3.5750000e-01   3.1916660e-01   3.4083330e-01   3.4166670e-01   3.5916660e-01   3.8833330e-01   4.5333330e-01   4.9833340e-01   4.3083335e-01   3.3000000e-01   4.6333325e-01   3.3666665e-01
   2.0952376e-01   2.0396829e-01   2.2301600e-01   2.2857148e-01   2.3174586e-01   2.4126986e-01   2.3333329e-01   2.7063495e-01   3.0238095e-01   3.3412686e-01   3.4920638e-01   3.8174600e-01   4.4920633e-01   5.5952390e-01   5.6031743e-01   4.9920643e-01   4.5079357e-01   4.5396829e-01   4.2063490e-01   1.6031755e-01
   4.0476186e-01   3.7857143e-01   3.5476186e-01   3.6428557e-01   3.4523814e-01   3.4523829e-01   3.5000000e-01   3.5476171e-01   3.1904771e-01   3.5238086e-01   3.7619043e-01   4.1904757e-01   4.1666671e-01   4.6904757e-01   4.7142843e-01   4.1666671e-01   3.1190471e-01   3.0952371e-01   4.3333343e-01   4.4523800e-01
   2.9166681e-01   2.7916669e-01   2.7708350e-01   2.8333337e-01   2.8750006e-01   2.8854162e-01   3.0312500e-01   3.5729175e-01   3.8750000e-01   3.9062506e-01   4.0208338e-01   4.0833325e-01   4.5833325e-01   5.2812500e-01   4.8854156e-01   4.2395825e-01   4.3333331e-01   6.0624994e-01   5.1562513e-01   1.3020834e-01
   4.8124988e-01   4.7500000e-01   4.5000000e-01   3.7083325e-01   2.9583350e-01   2.7500012e-01   2.4166675e-01   2.2708325e-01   2.2083337e-01   2.1875000e-01   2.3541650e-01   2.0625000e-01   2.3958337e-01   2.5000013e-01   3.1875012e-01   3.9375000e-01   3.3125012e-01   2.6458325e-01   2.8958338e-01   4.4791687e-01
   3.3333350e-01   3.4374987e-01   3.6041675e-01   3.5624987e-01   3.3958325e-01   3.8541675e-01   4.0208325e-01   4.1458325e-01   4.0000012e-01   4.3958325e-01   4.2708325e-01   4.6666675e-01   4.5208338e-01   4.2500000e-01   3.6458337e-01   3.3333325e-01   3.3750000e-01   2.6666662e-01   2.2083346e-01   1.1458325e-01
   3.0833325e-01   3.7291663e-01   3.4583350e-01   3.3749988e-01   3.5833325e-01   3.6666650e-01   3.7500000e-01   3.2500013e-01   2.9999987e-01   2.8750000e-01   2.9583338e-01   2.8958338e-01   3.3125000e-01   4.0416663e-01   3.8124987e-01   4.3541663e-01   3.3125012e-01   2.2916650e-01   2.3541662e-01   3.9166675e-01
   4.2812500e-01   4.6770844e-01   4.6041669e-01   4.4166663e-01   4.3541669e-01   3.9687494e-01   3.6458325e-01   3.4895831e-01   3.4062494e-01   3.3750006e-01   3.1770831e-01   3.2083337e-01   3.6250000e-01   3.6458331e-01   4.2395831e-01   4.4270838e-01   5.0208319e-01   5.8750000e-01   3.7916663e-01   3.0208356e-02
   3.0833333e-01   3.1111117e-01   3.0277767e-01   2.6388883e-01   2.3055550e-01   2.5555567e-01   2.4722233e-01   2.3888900e-01   2.1666650e-01   2.2777783e-01   2.2500000e-01   2.1111133e-01   2.3611133e-01   2.9444450e-01   3.9722233e-01   3.7777800e-01   2.5277767e-01   2.8611117e-01   3.3888883e-01   3.0555567e-01
   4.5000008e-01   4.8333323e-01   5.3717946e-01   5.0769231e-01   4.8461531e-01   4.7820508e-01   4.2564108e-01   4.0256423e-01   3.7307700e-01   3.5128208e-01   3.4102577e-01   3.2564100e-01   3.6025631e-01   4.0897438e-01   4.8205123e-01   4.6282062e-01   3.8974362e-01   2.8461546e-01   2.6923069e-01   4.0769223e-01
   4.3840591e-01   3.6956517e-01   3.3623191e-01   3.2463770e-01   2.8985517e-01   2.6376804e-01   2.5289870e-01   2.4130435e-01   2.3188404e-01   2.3333339e-01   2.3333339e-01   2.2391300e-01   2.6231878e-01   2.5217400e-01   2.6086961e-01   3.3695657e-01   4.7391304e-01   6.3405796e-01   4.2318830e-01   7.3188435e-02
   3.1538462e-01   2.9615377e-01   2.8974346e-01   2.8333323e-01   2.7179485e-01   2.6923069e-01   2.7435892e-01   2.4487177e-01   2.5897438e-01   2.4871800e-01   2.4230777e-01   2.7307685e-01   2.3717946e-01   2.9102562e-01   3.2179500e-01   4.1025638e-01   3.6282046e-01   2.6282054e-01   4.3589738e-01   5.6666677e-01
   2.5250005e-01   2.5333330e-01   2.6000005e-01   2.7500000e-01   2.7333325e-01   2.8250000e-01   2.8166670e-01   2.9750005e-01   3.1833325e-01   3.2333330e-01   3.3000005e-01   3.3666670e-01   3.6583335e-01   3.5916670e-01   3.6166670e-01   3.8416660e-01   4.6916670e-01   4.5249995e-01   4.4250000e-01   4.6249990e-01
   2.1818173e-01   2.3106064e-01   2.3106059e-01   2.4166659e-01   2.5454555e-01   2.6212109e-01   2.7651518e-01   2.7727273e-01   2.8636368e-01   3.0909077e-01   3.4545450e-01   3.9469695e-01   4.4924250e-01   4.9393941e-01   5.1893955e-01   5.7045459e-01   5.2878782e-01   4.2651509e-01   3.4242427e-01   2.8939400e-01
   4.1060609e-01   4.2727282e-01   4.2424245e-01   4.5909100e-01   4.7121218e-01   4.4848491e-01   4.0606055e-01   4.0000018e-01   3.9242427e-01   3.9393927e-01   3.6515155e-01   3.4393955e-01   3.1666664e-01   3.5757573e-01   4.2272709e-01   5.0303027e-01   6.0909091e-01   4.9696982e-01   3.8484836e-01   3.7878782e-01
   2.7820515e-01   2.7756415e-01   2.8397435e-01   3.0448715e-01   3.0641031e-01   3.0384619e-01   3.1602573e-01   3.3141023e-01   3.4230777e-01   3.5256415e-01   3.3910258e-01   3.2884627e-01   3.3717942e-01   3.4102562e-01   3.5064104e-01   3.9807692e-01   4.8333327e-01   5.2756396e-01   4.8782054e-01   1.2115384e-01
   2.0595243e-01   2.0476193e-01   1.8333329e-01   1.7976193e-01   1.9404764e-01   2.0714279e-01   2.2380950e-01   2.5595229e-01   2.7857157e-01   3.0476193e-01   3.2142857e-01   3.3571429e-01   3.7857136e-01   3.6904757e-01   4.2023814e-01   4.5714286e-01   4.6904757e-01   2.9404764e-01   2.1547621e-01   7.7380907e-02
   2.0625000e-01   1.9583325e-01   2.0625000e-01   2.2708338e-01   2.3958350e-01   2.3749987e-01   2.4166687e-01   2.5416675e-01   2.6666675e-01   3.0000000e-01   3.0833337e-01   2.7708338e-01   2.9375000e-01   2.8749988e-01   2.9999988e-01   3.2708325e-01   2.4166662e-01   2.9583325e-01   4.4166663e-01   6.0625000e-01
   2.2179477e-01   2.3333323e-01   2.2435900e-01   2.1923069e-01   2.0384623e-01   2.1666677e-01   2.5128208e-01   2.8717938e-01   3.6538462e-01   4.0641015e-01   4.6282062e-01   5.0769231e-01   5.0000000e-01   5.1923092e-01   5.5256415e-01   6.0897431e-01   6.7692308e-01   5.2692308e-01   3.2692300e-01   4.7435869e-02
   4.2982447e-01   4.2105258e-01   4.0175442e-01   3.8245616e-01   3.6754384e-01   3.7894747e-01   3.6140353e-01   3.5087737e-01   3.2982463e-01   3.2807026e-01   3.3070163e-01   3.2456142e-01   3.6052637e-01   4.2017547e-01   4.6228058e-01   5.4561400e-01   5.7807011e-01   4.8859653e-01   2.6929823e-01   7.6315774e-02
   3.0294112e-01   3.2549018e-01   3.1470594e-01   3.5882359e-01   3.4019612e-01   3.6470594e-01   3.6666659e-01   4.0490188e-01   4.2549012e-01   4.0686282e-01   4.3431365e-01   3.9607847e-01   3.7843147e-01   4.0392159e-01   4.2549018e-01   4.5098041e-01   5.1176459e-01   5.8823524e-01   5.5686271e-01   5.1176476e-01
   1.8499990e-01   1.7833350e-01   1.8666670e-01   1.9166660e-01   1.9500000e-01   2.3833350e-01   2.3500000e-01   2.4333340e-01   2.5833330e-01   2.8833340e-01   2.8166660e-01   2.8666660e-01   3.2333330e-01   3.5500010e-01   3.3833330e-01   2.9500010e-01   3.2000000e-01   3.0499990e-01   2.3833320e-01   1.5166663e-01
   2.7435900e-01   2.4102554e-01   2.4615400e-01   2.5256415e-01   2.4615392e-01   2.8333323e-01   2.7435892e-01   2.8205115e-01   2.8846154e-01   3.0769231e-01   3.4743577e-01   3.3205123e-01   3.5128200e-01   3.9102562e-01   4.4615385e-01   4.7307700e-01   4.9615392e-01   4.4230762e-01   3.6410254e-01   4.8717954e-02
   2.0729163e-01   2.0520831e-01   1.9687500e-01   2.0104163e-01   1.9375000e-01   2.1041663e-01   2.3020819e-01   2.5416669e-01   2.6250000e-01   3.0000006e-01   3.1770819e-01   3.9062494e-01   4.3333338e-01   4.3020838e-01   4.1562500e-01   3.7812500e-01   3.8958344e-01   4.5104175e-01   3.3020837e-01   6.2500031e-02
   3.3205123e-01   3.2435900e-01   3.4871785e-01   3.6282062e-01   3.6794877e-01   4.0128208e-01   3.8846146e-01   3.8717946e-01   3.8461531e-01   3.7307685e-01   3.6794862e-01   3.5512815e-01   4.0128192e-01   4.3589754e-01   3.9358969e-01   4.3589754e-01   6.0256415e-01   6.8333346e-01   4.7564100e-01   6.2820562e-02
   3.1858965e-01   3.1730769e-01   3.2435904e-01   3.4615377e-01   3.5064104e-01   3.7179488e-01   3.8141027e-01   3.8782046e-01   3.8012815e-01   3.5897438e-01   3.5384615e-01   3.7628200e-01   3.7115377e-01   3.6538458e-01   4.2179500e-01   4.8269238e-01   5.2307696e-01   4.8461535e-01   4.1858973e-01   6.2884608e-01
   4.4649121e-01   4.5526321e-01   4.5438595e-01   4.5000005e-01   4.5175447e-01   4.0964916e-01   3.8508774e-01   3.9736853e-01   3.8245616e-01   3.6754389e-01   3.6228063e-01   3.6666674e-01   3.3245621e-01   3.7017537e-01   4.3596500e-01   4.8947358e-01   4.8947363e-01   4.6052632e-01   5.0526311e-01   1.4210517e-01
   4.4358969e-01   4.5000012e-01   4.1410258e-01   3.8974354e-01   3.7884623e-01   3.3333331e-01   3.2564100e-01   3.1538465e-01   3.1602565e-01   3.0384615e-01   3.0641023e-01   3.3653846e-01   3.5384612e-01   3.7564108e-01   4.2115388e-01   4.7435900e-01   5.3910262e-01   5.3012823e-01   4.8076915e-01   4.8461531e-01
   2.6428571e-01   2.2738086e-01   2.0833336e-01   2.2023814e-01   2.2976193e-01   2.2380950e-01   2.4523807e-01   2.7142857e-01   3.0952371e-01   3.9761900e-01   4.5714286e-01   5.5595236e-01   6.1309529e-01   6.3571436e-01   6.3333336e-01   5.9523814e-01   5.6785721e-01   4.9047621e-01   2.9166664e-01   9.5238064e-02
   3.5192312e-01   3.5128200e-01   3.6153846e-01   3.4871796e-01   3.4999996e-01   3.3269219e-01   3.4423081e-01   3.8012819e-01   4.0961538e-01   4.2179492e-01   4.1217954e-01   4.0192308e-01   3.9679485e-01   4.3653854e-01   4.7628204e-01   5.1410258e-01   5.4551288e-01   4.6987173e-01   3.3076919e-01   4.5448723e-01
   4.5972225e-01   4.2916658e-01   3.8333350e-01   3.0694450e-01   2.9027783e-01   2.4027783e-01   2.2777775e-01   2.1805542e-01   2.0972217e-01   2.0277783e-01   2.2638900e-01   2.1250008e-01   2.3472225e-01   2.4722225e-01   3.0416667e-01   3.7500000e-01   4.7361125e-01   3.8888883e-01   4.3055567e-01   1.8194458e-01
   2.3055558e-01   2.2638883e-01   2.2638883e-01   1.9444450e-01   1.9305558e-01   2.0694450e-01   2.2499992e-01   2.4444450e-01   2.6805558e-01   3.1666675e-01   3.2499983e-01   3.7916667e-01   4.1666667e-01   4.2500000e-01   4.8194442e-01   4.5416675e-01   3.4861100e-01   3.8194442e-01   2.9305558e-01   4.4027783e-01
