4185 918 919 920 921 922 
4186 917 918 919 920 921 922 923 924 
4187 916 917 918 919 920 921 922 923 924 925 926 
4188 915 916 917 918 919 920 921 922 923 924 925 926 927 
4189 915 916 917 918 919 920 921 922 923 924 925 926 927 928 
4190 914 915 916 917 918 919 920 921 922 923 924 925 926 927 928 929 
4191 914 915 916 917 918 919 920 921 922 923 924 925 926 927 928 929 930 
4192 914 915 916 917 918 919 920 921 922 923 924 925 926 927 928 929 930 931 
4193 915 916 917 918 919 920 921 922 923 924 925 926 927 928 929 930 931 932 
4194 915 916 917 918 919 920 921 922 923 924 925 926 927 928 929 930 931 932 933 
4195 916 917 918 919 920 921 922 923 924 925 926 927 928 929 930 931 932 933 
4196 916 917 918 919 920 921 922 923 924 925 926 927 928 929 930 931 932 933 934 
4197 917 918 919 920 921 922 923 924 925 926 927 928 929 930 931 932 933 934 935 
4198 918 919 920 921 922 923 924 925 926 927 928 929 930 931 932 933 934 935 936 
4199 919 920 921 922 923 924 925 926 927 928 929 930 931 932 933 934 935 936 937 
4200 920 921 922 923 924 925 926 927 928 929 930 931 932 933 934 935 936 937 938 
4201 921 922 923 924 925 926 927 928 929 930 931 932 933 934 935 936 937 938 939 
4202 923 924 925 926 927 928 929 930 931 932 933 934 935 936 937 938 939 940 
4203 924 925 926 927 928 929 930 931 932 933 934 935 936 937 938 939 940 941 
4204 925 926 927 928 929 930 931 932 933 934 935 936 937 938 939 940 941 942 
4205 926 927 928 929 930 931 932 933 934 935 936 937 938 939 940 941 942 943 
4206 927 928 929 930 931 932 933 934 935 936 937 938 939 940 941 942 943 944 
4207 928 929 930 931 932 933 934 935 936 937 938 939 940 941 942 943 944 945 
4208 929 930 931 932 933 934 935 936 937 938 939 940 941 942 943 944 945 946 
4209 931 932 933 934 935 936 937 938 939 940 941 942 943 944 945 946 947 
4210 932 933 934 935 936 937 938 939 940 941 942 943 944 945 946 947 948 
4211 933 934 935 936 937 938 939 940 941 942 943 944 945 946 947 948 949 
4212 934 935 936 937 938 939 940 941 942 943 944 945 946 947 948 949 950 
4213 936 937 938 939 940 941 942 943 944 945 946 947 948 949 950 951 
4214 937 938 939 940 941 942 943 944 945 946 947 948 949 950 951 952 
4215 938 939 940 941 942 943 944 945 946 947 948 949 950 951 952 953 
4216 939 940 941 942 943 944 945 946 947 948 949 950 951 952 953 954 
4217 941 942 943 944 945 946 947 948 949 950 951 952 953 954 955 956 
4218 942 943 944 945 946 947 948 949 950 951 952 953 954 955 956 957 
4219 943 944 945 946 947 948 949 950 951 952 953 954 955 956 957 958 
4220 945 946 947 948 949 950 951 952 953 954 955 956 957 958 959 
4221 946 947 948 949 950 951 952 953 954 955 956 957 958 959 960 
4222 947 948 949 950 951 952 953 954 955 956 957 958 959 960 961 962 
4223 949 950 951 952 953 954 955 956 957 958 959 960 961 962 963 
4224 950 951 952 953 954 955 956 957 958 959 960 961 962 963 964 
4225 951 952 953 954 955 956 957 958 959 960 961 962 963 964 965 
4226 952 953 954 955 956 957 958 959 960 961 962 963 964 965 966 967 
4227 954 955 956 957 958 959 960 961 962 963 964 965 966 967 968 
4228 955 956 957 958 959 960 961 962 963 964 965 966 967 968 969 
4229 956 957 958 959 960 961 962 963 964 965 966 967 968 969 970 
4230 958 959 960 961 962 963 964 965 966 967 968 969 970 971 972 
4231 959 960 961 962 963 964 965 966 967 968 969 970 971 972 973 
4232 960 961 962 963 964 965 966 967 968 969 970 971 972 973 974 
4233 962 963 964 965 966 967 968 969 970 971 972 973 974 975 
4234 963 964 965 966 967 968 969 970 971 972 973 974 975 976 977 
4235 964 965 966 967 968 969 970 971 972 973 974 975 976 977 978 
4236 965 966 967 968 969 970 971 972 973 974 975 976 977 978 979 
4237 967 968 969 970 971 972 973 974 975 976 977 978 979 980 981 
4238 968 969 970 971 972 973 974 975 976 977 978 979 980 981 982 
4239 969 970 971 972 973 974 975 976 977 978 979 980 981 982 983 
4240 971 972 973 974 975 976 977 978 979 980 981 982 983 984 985 
4241 972 973 974 975 976 977 978 979 980 981 982 983 984 985 986 
4242 973 974 975 976 977 978 979 980 981 982 983 984 985 986 987 
4243 974 975 976 977 978 979 980 981 982 983 984 985 986 987 988 989 
4244 976 977 978 979 980 981 982 983 984 985 986 987 988 989 990 
4245 977 978 979 980 981 982 983 984 985 986 987 988 989 990 991 992 
4246 978 979 980 981 982 983 984 985 986 987 988 989 990 991 992 993 
4247 980 981 982 983 984 985 986 987 988 989 990 991 992 993 994 995 
4248 981 982 983 984 985 986 987 988 989 990 991 992 993 994 995 996 997 
4249 982 983 984 985 986 987 988 989 990 991 992 993 994 995 996 997 998 999 
4250 984 985 986 987 988 989 990 991 992 993 994 995 996 997 998 999 1000 1001 
4251 985 986 987 988 989 990 991 992 993 994 995 996 997 998 999 1000 1001 1002 1003 
4252 986 987 988 989 990 991 992 993 994 995 996 997 998 999 1000 1001 1002 1003 1004 1005 
4253 988 989 990 991 992 993 994 995 996 997 998 999 1000 1001 1002 1003 1004 1005 1006 1007 
4254 989 990 991 992 993 994 995 996 997 998 999 1000 1001 1002 1003 1004 1005 1006 1007 1008 1009 
4255 991 992 993 994 995 996 997 998 999 1000 1001 1002 1003 1004 1005 1006 1007 1008 1009 1010 1011 
4256 992 993 994 995 996 997 998 999 1000 1001 1002 1003 1004 1005 1006 1007 1008 1009 1010 1011 1012 1013 
4257 994 995 996 997 998 999 1000 1001 1002 1003 1004 1005 1006 1007 1008 1009 1010 1011 1012 1013 1014 1015 1016 
4258 996 997 998 999 1000 1001 1002 1003 1004 1005 1006 1007 1008 1009 1010 1011 1012 1013 1014 1015 1016 1017 1018 1019 
4259 997 998 999 1000 1001 1002 1003 1004 1005 1006 1007 1008 1009 1010 1011 1012 1013 1014 1015 1016 1017 1018 1019 1020 1021 
4260 999 1000 1001 1002 1003 1004 1005 1006 1007 1008 1009 1010 1011 1012 1013 1014 1015 1016 1017 1018 1019 1020 1021 1022 1023 1024 
4261 1001 1002 1003 1004 1005 1006 1007 1008 1009 1010 1011 1012 1013 1014 1015 1016 1017 1018 1019 1020 1021 1022 1023 1024 1025 1026 1027 
4262 1003 1004 1005 1006 1007 1008 1009 1010 1011 1012 1013 1014 1015 1016 1017 1018 1019 1020 1021 1022 1023 1024 1025 1026 1027 1028 1029 1030 
4263 1005 1006 1007 1008 1009 1010 1011 1012 1013 1014 1015 1016 1017 1018 1019 1020 1021 1022 1023 1024 1025 1026 1027 1028 1029 1030 1031 1032 1033 
4264 1007 1008 1009 1010 1011 1012 1013 1014 1015 1016 1017 1018 1019 1020 1021 1022 1023 1024 1025 1026 1027 1028 1029 1030 1031 1032 1033 1034 1035 1036 
4265 1009 1010 1011 1012 1013 1014 1015 1016 1017 1018 1019 1020 1021 1022 1023 1024 1025 1026 1027 1028 1029 1030 1031 1032 1033 1034 1035 1036 1037 1038 
4266 1012 1013 1014 1015 1016 1017 1018 1019 1020 1021 1022 1023 1024 1025 1026 1027 1028 1029 1030 1031 1032 1033 1034 1035 1036 1037 1038 1039 1040 
4267 1014 1015 1016 1017 1018 1019 1020 1021 1022 1023 1024 1025 1026 1027 1028 1029 1030 1031 1032 1033 1034 1035 1036 1037 1038 1039 1040 1041 1042 
4268 1017 1018 1019 1020 1021 1022 1023 1024 1025 1026 1027 1028 1029 1030 1031 1032 1033 1034 1035 1036 1037 1038 1039 1040 1041 1042 1043 
4269 1020 1021 1022 1023 1024 1025 1026 1027 1028 1029 1030 1031 1032 1033 1034 1035 1036 1037 1038 1039 1040 1041 1042 1043 1044 
4270 1022 1023 1024 1025 1026 1027 1028 1029 1030 1031 1032 1033 1034 1035 1036 1037 1038 1039 1040 1041 1042 1043 1044 
4271 1025 1026 1027 1028 1029 1030 1031 1032 1033 1034 1035 1036 1037 1038 1039 1040 1041 1042 1043 1044 
4272 1028 1029 1030 1031 1032 1033 1034 1035 1036 1037 1038 1039 1040 1041 1042 1043 1044 
4273 1031 1032 1033 1034 1035 1036 1037 1038 1039 1040 1041 1042 1043 
4274 1036 1037 1038 1039 1040 1041 
4390 1786 1787 1788 1789 1790 1791 1792 
4391 1783 1784 1785 1786 1787 1788 1789 1790 1791 1792 1793 1794 1795 1796 
4392 1781 1782 1783 1784 1785 1786 1787 1788 1789 1790 1791 1792 1793 1794 1795 1796 1797 1798 1799 
4393 1780 1781 1782 1783 1784 1785 1786 1787 1788 1789 1790 1791 1792 1793 1794 1795 1796 1797 1798 1799 1800 1801 
4394 1779 1780 1781 1782 1783 1784 1785 1786 1787 1788 1789 1790 1791 1792 1793 1794 1795 1796 1797 1798 1799 1800 1801 1802 1803 
4395 1780 1781 1782 1783 1784 1785 1786 1787 1788 1789 1790 1791 1792 1793 1794 1795 1796 1797 1798 1799 1800 1801 1802 1803 1804 1805 
4396 1781 1782 1783 1784 1785 1786 1787 1788 1789 1790 1791 1792 1793 1794 1795 1796 1797 1798 1799 1800 1801 1802 1803 1804 1805 1806 1807 
4397 1783 1784 1785 1786 1787 1788 1789 1790 1791 1792 1793 1794 1795 1796 1797 1798 1799 1800 1801 1802 1803 1804 1805 1806 1807 1808 1809 
4398 1786 1787 1788 1789 1790 1791 1792 1793 1794 1795 1796 1797 1798 1799 1800 1801 1802 1803 1804 1805 1806 1807 1808 1809 1810 1811 
4399 1789 1790 1791 1792 1793 1794 1795 1796 1797 1798 1799 1800 1801 1802 1803 1804 1805 1806 1807 1808 1809 1810 1811 1812 
4400 1791 1792 1793 1794 1795 1796 1797 1798 1799 1800 1801 1802 1803 1804 1805 1806 1807 1808 1809 1810 1811 1812 1813 1814 
4401 1794 1795 1796 1797 1798 1799 1800 1801 1802 1803 1804 1805 1806 1807 1808 1809 1810 1811 1812 1813 1814 1815 
4402 1796 1797 1798 1799 1800 1801 1802 1803 1804 1805 1806 1807 1808 1809 1810 1811 1812 1813 1814 1815 1816 1817 
4403 1799 1800 1801 1802 1803 1804 1805 1806 1807 1808 1809 1810 1811 1812 1813 1814 1815 1816 1817 1818 
4404 1801 1802 1803 1804 1805 1806 1807 1808 1809 1810 1811 1812 1813 1814 1815 1816 1817 1818 1819 1820 
4405 1803 1804 1805 1806 1807 1808 1809 1810 1811 1812 1813 1814 1815 1816 1817 1818 1819 1820 1821 
4406 1805 1806 1807 1808 1809 1810 1811 1812 1813 1814 1815 1816 1817 1818 1819 1820 1821 1822 1823 
4407 1807 1808 1809 1810 1811 1812 1813 1814 1815 1816 1817 1818 1819 1820 1821 1822 1823 1824 
4408 1809 1810 1811 1812 1813 1814 1815 1816 1817 1818 1819 1820 1821 1822 1823 1824 1825 
4409 1811 1812 1813 1814 1815 1816 1817 1818 1819 1820 1821 1822 1823 1824 1825 1826 1827 
4410 1812 1813 1814 1815 1816 1817 1818 1819 1820 1821 1822 1823 1824 1825 1826 1827 1828 
4411 1814 1815 1816 1817 1818 1819 1820 1821 1822 1823 1824 1825 1826 1827 1828 1829 
4412 1816 1817 1818 1819 1820 1821 1822 1823 1824 1825 1826 1827 1828 1829 1830 
4413 1817 1818 1819 1820 1821 1822 1823 1824 1825 1826 1827 1828 1829 1830 1831 1832 
4414 1819 1820 1821 1822 1823 1824 1825 1826 1827 1828 1829 1830 1831 1832 1833 
4415 1820 1821 1822 1823 1824 1825 1826 1827 1828 1829 1830 1831 1832 1833 1834 
4416 1821 1822 1823 1824 1825 1826 1827 1828 1829 1830 1831 1832 1833 1834 1835 
4417 1823 1824 1825 1826 1827 1828 1829 1830 1831 1832 1833 1834 1835 1836 
4418 1824 1825 1826 1827 1828 1829 1830 1831 1832 1833 1834 1835 1836 1837 
4419 1825 1826 1827 1828 1829 1830 1831 1832 1833 1834 1835 1836 1837 1838 1839 
4420 1827 1828 1829 1830 1831 1832 1833 1834 1835 1836 1837 1838 1839 1840 
4421 1828 1829 1830 1831 1832 1833 1834 1835 1836 1837 1838 1839 1840 1841 
4422 1829 1830 1831 1832 1833 1834 1835 1836 1837 1838 1839 1840 1841 1842 
4423 1831 1832 1833 1834 1835 1836 1837 1838 1839 1840 1841 1842 1843 
4424 1832 1833 1834 1835 1836 1837 1838 1839 1840 1841 1842 1843 1844 
4425 1833 1834 1835 1836 1837 1838 1839 1840 1841 1842 1843 1844 1845 
4426 1834 1835 1836 1837 1838 1839 1840 1841 1842 1843 1844 1845 1846 
4427 1835 1836 1837 1838 1839 1840 1841 1842 1843 1844 1845 1846 1847 
4428 1837 1838 1839 1840 1841 1842 1843 1844 1845 1846 1847 1848 1849 
4429 1838 1839 1840 1841 1842 1843 1844 1845 1846 1847 1848 1849 1850 
4430 1839 1840 1841 1842 1843 1844 1845 1846 1847 1848 1849 1850 1851 
4431 1840 1841 1842 1843 1844 1845 1846 1847 1848 1849 1850 1851 1852 
4432 1841 1842 1843 1844 1845 1846 1847 1848 1849 1850 1851 1852 1853 
4433 1842 1843 1844 1845 1846 1847 1848 1849 1850 1851 1852 1853 1854 
4434 1843 1844 1845 1846 1847 1848 1849 1850 1851 1852 1853 1854 1855 
4435 1844 1845 1846 1847 1848 1849 1850 1851 1852 1853 1854 1855 1856 
4436 1845 1846 1847 1848 1849 1850 1851 1852 1853 1854 1855 1856 1857 
4437 1847 1848 1849 1850 1851 1852 1853 1854 1855 1856 1857 1858 
4438 1848 1849 1850 1851 1852 1853 1854 1855 1856 1857 1858 1859 
4439 1849 1850 1851 1852 1853 1854 1855 1856 1857 1858 1859 1860 
4440 1850 1851 1852 1853 1854 1855 1856 1857 1858 1859 1860 1861 
4441 1851 1852 1853 1854 1855 1856 1857 1858 1859 1860 1861 1862 
4442 1852 1853 1854 1855 1856 1857 1858 1859 1860 1861 1862 1863 
4443 1853 1854 1855 1856 1857 1858 1859 1860 1861 1862 1863 1864 
4444 1854 1855 1856 1857 1858 1859 1860 1861 1862 1863 1864 1865 
4445 1855 1856 1857 1858 1859 1860 1861 1862 1863 1864 1865 1866 
4446 1856 1857 1858 1859 1860 1861 1862 1863 1864 1865 1866 1867 
4447 1857 1858 1859 1860 1861 1862 1863 1864 1865 1866 1867 1868 
4448 1858 1859 1860 1861 1862 1863 1864 1865 1866 1867 1868 1869 
4449 1859 1860 1861 1862 1863 1864 1865 1866 1867 1868 1869 1870 
4450 1860 1861 1862 1863 1864 1865 1866 1867 1868 1869 1870 1871 
4451 1861 1862 1863 1864 1865 1866 1867 1868 1869 1870 1871 1872 
4452 1862 1863 1864 1865 1866 1867 1868 1869 1870 1871 1872 1873 
4453 1863 1864 1865 1866 1867 1868 1869 1870 1871 1872 1873 1874 
4454 1864 1865 1866 1867 1868 1869 1870 1871 1872 1873 1874 1875 
4455 1865 1866 1867 1868 1869 1870 1871 1872 1873 1874 1875 1876 
4456 1866 1867 1868 1869 1870 1871 1872 1873 1874 1875 1876 1877 
4457 1867 1868 1869 1870 1871 1872 1873 1874 1875 1876 1877 1878 
4458 1868 1869 1870 1871 1872 1873 1874 1875 1876 1877 1878 1879 
4459 1869 1870 1871 1872 1873 1874 1875 1876 1877 1878 1879 1880 
4460 1870 1871 1872 1873 1874 1875 1876 1877 1878 1879 1880 1881 
4461 1871 1872 1873 1874 1875 1876 1877 1878 1879 1880 1881 1882 
4462 1872 1873 1874 1875 1876 1877 1878 1879 1880 1881 1882 1883 
4463 1873 1874 1875 1876 1877 1878 1879 1880 1881 1882 1883 1884 
4464 1875 1876 1877 1878 1879 1880 1881 1882 1883 1884 1885 
4465 1876 1877 1878 1879 1880 1881 1882 1883 1884 1885 1886 
4466 1877 1878 1879 1880 1881 1882 1883 1884 1885 1886 1887 
4467 1878 1879 1880 1881 1882 1883 1884 1885 1886 1887 1888 
4468 1879 1880 1881 1882 1883 1884 1885 1886 1887 1888 1889 1890 
4469 1880 1881 1882 1883 1884 1885 1886 1887 1888 1889 1890 1891 
4470 1881 1882 1883 1884 1885 1886 1887 1888 1889 1890 1891 1892 
4471 1882 1883 1884 1885 1886 1887 1888 1889 1890 1891 1892 1893 
4472 1883 1884 1885 1886 1887 1888 1889 1890 1891 1892 1893 1894 
4473 1884 1885 1886 1887 1888 1889 1890 1891 1892 1893 1894 1895 
4474 1885 1886 1887 1888 1889 1890 1891 1892 1893 1894 1895 1896 
4475 1886 1887 1888 1889 1890 1891 1892 1893 1894 1895 1896 1897 
4476 1887 1888 1889 1890 1891 1892 1893 1894 1895 1896 1897 1898 
4477 1888 1889 1890 1891 1892 1893 1894 1895 1896 1897 1898 1899 
4478 1889 1890 1891 1892 1893 1894 1895 1896 1897 1898 1899 1900 
4479 1890 1891 1892 1893 1894 1895 1896 1897 1898 1899 1900 1901 
4480 1891 1892 1893 1894 1895 1896 1897 1898 1899 1900 1901 1902 
4481 1892 1893 1894 1895 1896 1897 1898 1899 1900 1901 1902 1903 
4482 1893 1894 1895 1896 1897 1898 1899 1900 1901 1902 1903 1904 
4483 1894 1895 1896 1897 1898 1899 1900 1901 1902 1903 1904 1905 
4484 1895 1896 1897 1898 1899 1900 1901 1902 1903 1904 1905 1906 
4485 1896 1897 1898 1899 1900 1901 1902 1903 1904 1905 1906 1907 
4486 1898 1899 1900 1901 1902 1903 1904 1905 1906 1907 1908 
4487 1899 1900 1901 1902 1903 1904 1905 1906 1907 1908 1909 
4488 1900 1901 1902 1903 1904 1905 1906 1907 1908 1909 1910 
4489 1901 1902 1903 1904 1905 1906 1907 1908 1909 1910 1911 
4490 1902 1903 1904 1905 1906 1907 1908 1909 1910 1911 1912 
4491 1903 1904 1905 1906 1907 1908 1909 1910 1911 1912 1913 
4492 1904 1905 1906 1907 1908 1909 1910 1911 1912 1913 1914 
4493 1905 1906 1907 1908 1909 1910 1911 1912 1913 1914 1915 
4494 1906 1907 1908 1909 1910 1911 1912 1913 1914 1915 1916 
4495 1907 1908 1909 1910 1911 1912 1913 1914 1915 1916 1917 
4496 1908 1909 1910 1911 1912 1913 1914 1915 1916 1917 1918 
4497 1909 1910 1911 1912 1913 1914 1915 1916 1917 1918 1919 
4498 1910 1911 1912 1913 1914 1915 1916 1917 1918 1919 1920 
4499 1911 1912 1913 1914 1915 1916 1917 1918 1919 1920 1921 
4500 1912 1913 1914 1915 1916 1917 1918 1919 1920 1921 1922 
4501 1913 1914 1915 1916 1917 1918 1919 1920 1921 1922 1923 
4502 1914 1915 1916 1917 1918 1919 1920 1921 1922 1923 1924 
4503 1915 1916 1917 1918 1919 1920 1921 1922 1923 1924 1925 
4504 1916 1917 1918 1919 1920 1921 1922 1923 1924 1925 1926 
4505 1917 1918 1919 1920 1921 1922 1923 1924 1925 1926 1927 
4506 1918 1919 1920 1921 1922 1923 1924 1925 1926 1927 1928 
4507 1919 1920 1921 1922 1923 1924 1925 1926 1927 1928 1929 
4508 1920 1921 1922 1923 1924 1925 1926 1927 1928 1929 1930 
4509 1921 1922 1923 1924 1925 1926 1927 1928 1929 1930 1931 
4510 1922 1923 1924 1925 1926 1927 1928 1929 1930 1931 1932 
4511 1923 1924 1925 1926 1927 1928 1929 1930 1931 1932 1933 
4512 1924 1925 1926 1927 1928 1929 1930 1931 1932 1933 1934 
4513 1925 1926 1927 1928 1929 1930 1931 1932 1933 1934 1935 
4514 1926 1927 1928 1929 1930 1931 1932 1933 1934 1935 1936 
4515 1927 1928 1929 1930 1931 1932 1933 1934 1935 1936 1937 
4516 1928 1929 1930 1931 1932 1933 1934 1935 1936 1937 1938 
4517 1929 1930 1931 1932 1933 1934 1935 1936 1937 1938 1939 
4518 1930 1931 1932 1933 1934 1935 1936 1937 1938 1939 1940 
4519 1931 1932 1933 1934 1935 1936 1937 1938 1939 1940 1941 
4520 1932 1933 1934 1935 1936 1937 1938 1939 1940 1941 1942 
4521 1933 1934 1935 1936 1937 1938 1939 1940 1941 1942 1943 
4522 1934 1935 1936 1937 1938 1939 1940 1941 1942 1943 1944 
4523 1935 1936 1937 1938 1939 1940 1941 1942 1943 1944 1945 
4524 1936 1937 1938 1939 1940 1941 1942 1943 1944 1945 1946 
4525 1937 1938 1939 1940 1941 1942 1943 1944 1945 1946 1947 
4526 1938 1939 1940 1941 1942 1943 1944 1945 1946 1947 1948 
4527 1939 1940 1941 1942 1943 1944 1945 1946 1947 1948 1949 1950 
4528 1940 1941 1942 1943 1944 1945 1946 1947 1948 1949 1950 1951 
4529 1941 1942 1943 1944 1945 1946 1947 1948 1949 1950 1951 1952 
4530 1942 1943 1944 1945 1946 1947 1948 1949 1950 1951 1952 1953 
4531 1943 1944 1945 1946 1947 1948 1949 1950 1951 1952 1953 1954 
4532 1944 1945 1946 1947 1948 1949 1950 1951 1952 1953 1954 1955 
4533 1945 1946 1947 1948 1949 1950 1951 1952 1953 1954 1955 1956 
4534 1946 1947 1948 1949 1950 1951 1952 1953 1954 1955 1956 1957 
4535 1947 1948 1949 1950 1951 1952 1953 1954 1955 1956 1957 1958 
4536 1948 1949 1950 1951 1952 1953 1954 1955 1956 1957 1958 1959 
4537 1949 1950 1951 1952 1953 1954 1955 1956 1957 1958 1959 1960 1961 
4538 1950 1951 1952 1953 1954 1955 1956 1957 1958 1959 1960 1961 1962 
4539 1951 1952 1953 1954 1955 1956 1957 1958 1959 1960 1961 1962 1963 
4540 1952 1953 1954 1955 1956 1957 1958 1959 1960 1961 1962 1963 1964 
4541 1953 1954 1955 1956 1957 1958 1959 1960 1961 1962 1963 1964 1965 
4542 1954 1955 1956 1957 1958 1959 1960 1961 1962 1963 1964 1965 1966 
4543 1955 1956 1957 1958 1959 1960 1961 1962 1963 1964 1965 1966 1967 
4544 1956 1957 1958 1959 1960 1961 1962 1963 1964 1965 1966 1967 1968 
4545 1957 1958 1959 1960 1961 1962 1963 1964 1965 1966 1967 1968 1969 1970 
4546 1958 1959 1960 1961 1962 1963 1964 1965 1966 1967 1968 1969 1970 1971 
4547 1960 1961 1962 1963 1964 1965 1966 1967 1968 1969 1970 1971 1972 
4548 1961 1962 1963 1964 1965 1966 1967 1968 1969 1970 1971 1972 1973 
4549 1962 1963 1964 1965 1966 1967 1968 1969 1970 1971 1972 1973 1974 1975 
4550 1963 1964 1965 1966 1967 1968 1969 1970 1971 1972 1973 1974 1975 1976 
4551 1964 1965 1966 1967 1968 1969 1970 1971 1972 1973 1974 1975 1976 1977 1978 
4552 1965 1966 1967 1968 1969 1970 1971 1972 1973 1974 1975 1976 1977 1978 1979 
4553 1966 1967 1968 1969 1970 1971 1972 1973 1974 1975 1976 1977 1978 1979 1980 1981 
4554 1967 1968 1969 1970 1971 1972 1973 1974 1975 1976 1977 1978 1979 1980 1981 1982 
4555 1968 1969 1970 1971 1972 1973 1974 1975 1976 1977 1978 1979 1980 1981 1982 1983 1984 
4556 1969 1970 1971 1972 1973 1974 1975 1976 1977 1978 1979 1980 1981 1982 1983 1984 1985 1986 
4557 1971 1972 1973 1974 1975 1976 1977 1978 1979 1980 1981 1982 1983 1984 1985 1986 1987 1988 
4558 1972 1973 1974 1975 1976 1977 1978 1979 1980 1981 1982 1983 1984 1985 1986 1987 1988 1989 1990 
4559 1973 1974 1975 1976 1977 1978 1979 1980 1981 1982 1983 1984 1985 1986 1987 1988 1989 1990 1991 1992 
4560 1974 1975 1976 1977 1978 1979 1980 1981 1982 1983 1984 1985 1986 1987 1988 1989 1990 1991 1992 1993 1994 
4561 1976 1977 1978 1979 1980 1981 1982 1983 1984 1985 1986 1987 1988 1989 1990 1991 1992 1993 1994 1995 1996 
4562 1977 1978 1979 1980 1981 1982 1983 1984 1985 1986 1987 1988 1989 1990 1991 1992 1993 1994 1995 1996 1997 1998 
4563 1978 1979 1980 1981 1982 1983 1984 1985 1986 1987 1988 1989 1990 1991 1992 1993 1994 1995 1996 1997 1998 1999 2000 2001 
4564 1980 1981 1982 1983 1984 1985 1986 1987 1988 1989 1990 1991 1992 1993 1994 1995 1996 1997 1998 1999 2000 2001 2002 2003 
4565 1982 1983 1984 1985 1986 1987 1988 1989 1990 1991 1992 1993 1994 1995 1996 1997 1998 1999 2000 2001 2002 2003 2004 2005 
4566 1983 1984 1985 1986 1987 1988 1989 1990 1991 1992 1993 1994 1995 1996 1997 1998 1999 2000 2001 2002 2003 2004 2005 2006 
4567 1985 1986 1987 1988 1989 1990 1991 1992 1993 1994 1995 1996 1997 1998 1999 2000 2001 2002 2003 2004 2005 2006 2007 2008 
4568 1987 1988 1989 1990 1991 1992 1993 1994 1995 1996 1997 1998 1999 2000 2001 2002 2003 2004 2005 2006 2007 2008 2009 
4569 1989 1990 1991 1992 1993 1994 1995 1996 1997 1998 1999 2000 2001 2002 2003 2004 2005 2006 2007 2008 2009 2010 2011 
4570 1991 1992 1993 1994 1995 1996 1997 1998 1999 2000 2001 2002 2003 2004 2005 2006 2007 2008 2009 2010 2011 
4571 1993 1994 1995 1996 1997 1998 1999 2000 2001 2002 2003 2004 2005 2006 2007 2008 2009 2010 2011 2012 3414 3415 3416 
4572 1995 1996 1997 1998 1999 2000 2001 2002 2003 2004 2005 2006 2007 2008 2009 2010 2011 2012 3410 3411 3412 3413 3414 3415 3416 3417 3418 3419 
4573 1997 1998 1999 2000 2001 2002 2003 2004 2005 2006 2007 2008 2009 2010 2011 3407 3408 3409 3410 3411 3412 3413 3414 3415 3416 3417 3418 3419 3420 
4574 2000 2001 2002 2003 2004 2005 2006 2007 2008 2009 2010 2011 3405 3406 3407 3408 3409 3410 3411 3412 3413 3414 3415 3416 3417 3418 3419 3420 
4575 2003 2004 2005 2006 2007 2008 2009 3403 3404 3405 3406 3407 3408 3409 3410 3411 3412 3413 3414 3415 3416 3417 3418 3419 3420 3421 
4576 3401 3402 3403 3404 3405 3406 3407 3408 3409 3410 3411 3412 3413 3414 3415 3416 3417 3418 3419 3420 3421 
4577 3399 3400 3401 3402 3403 3404 3405 3406 3407 3408 3409 3410 3411 3412 3413 3414 3415 3416 3417 3418 3419 3420 
4578 3397 3398 3399 3400 3401 3402 3403 3404 3405 3406 3407 3408 3409 3410 3411 3412 3413 3414 3415 3416 3417 3418 3419 3420 
4579 3395 3396 3397 3398 3399 3400 3401 3402 3403 3404 3405 3406 3407 3408 3409 3410 3411 3412 3413 3414 3415 3416 3417 3418 3419 
4580 3393 3394 3395 3396 3397 3398 3399 3400 3401 3402 3403 3404 3405 3406 3407 3408 3409 3410 3411 3412 3413 3414 3415 3416 3417 3418 
4581 3392 3393 3394 3395 3396 3397 3398 3399 3400 3401 3402 3403 3404 3405 3406 3407 3408 3409 3410 3411 3412 3413 3414 3415 3416 
4582 3390 3391 3392 3393 3394 3395 3396 3397 3398 3399 3400 3401 3402 3403 3404 3405 3406 3407 3408 3409 3410 3411 3412 3413 3414 3415 
4583 3388 3389 3390 3391 3392 3393 3394 3395 3396 3397 3398 3399 3400 3401 3402 3403 3404 3405 3406 3407 3408 3409 3410 3411 3412 
4584 3386 3387 3388 3389 3390 3391 3392 3393 3394 3395 3396 3397 3398 3399 3400 3401 3402 3403 3404 3405 3406 3407 3408 3409 3410 
4585 3385 3386 3387 3388 3389 3390 3391 3392 3393 3394 3395 3396 3397 3398 3399 3400 3401 3402 3403 3404 3405 3406 3407 
4586 3383 3384 3385 3386 3387 3388 3389 3390 3391 3392 3393 3394 3395 3396 3397 3398 3399 3400 3401 3402 3403 3404 3405 
4587 3382 3383 3384 3385 3386 3387 3388 3389 3390 3391 3392 3393 3394 3395 3396 3397 3398 3399 3400 3401 3402 
4588 3380 3381 3382 3383 3384 3385 3386 3387 3388 3389 3390 3391 3392 3393 3394 3395 3396 3397 3398 3399 3400 
4589 3379 3380 3381 3382 3383 3384 3385 3386 3387 3388 3389 3390 3391 3392 3393 3394 3395 3396 3397 
4590 3377 3378 3379 3380 3381 3382 3383 3384 3385 3386 3387 3388 3389 3390 3391 3392 3393 3394 3395 
4591 3376 3377 3378 3379 3380 3381 3382 3383 3384 3385 3386 3387 3388 3389 3390 3391 3392 3393 
4592 3375 3376 3377 3378 3379 3380 3381 3382 3383 3384 3385 3386 3387 3388 3389 3390 3391 3392 
4593 3373 3374 3375 3376 3377 3378 3379 3380 3381 3382 3383 3384 3385 3386 3387 3388 3389 3390 
4594 3372 3373 3374 3375 3376 3377 3378 3379 3380 3381 3382 3383 3384 3385 3386 3387 3388 
4595 3371 3372 3373 3374 3375 3376 3377 3378 3379 3380 3381 3382 3383 3384 3385 3386 
4596 3369 3370 3371 3372 3373 3374 3375 3376 3377 3378 3379 3380 3381 3382 3383 3384 3385 
4597 3368 3369 3370 3371 3372 3373 3374 3375 3376 3377 3378 3379 3380 3381 3382 3383 
4598 3367 3368 3369 3370 3371 3372 3373 3374 3375 3376 3377 3378 3379 3380 3381 3382 
4599 3365 3366 3367 3368 3369 3370 3371 3372 3373 3374 3375 3376 3377 3378 3379 3380 
4600 3364 3365 3366 3367 3368 3369 3370 3371 3372 3373 3374 3375 3376 3377 3378 3379 
4601 3363 3364 3365 3366 3367 3368 3369 3370 3371 3372 3373 3374 3375 3376 3377 3378 
4602 3361 3362 3363 3364 3365 3366 3367 3368 3369 3370 3371 3372 3373 3374 3375 3376 
4603 3360 3361 3362 3363 3364 3365 3366 3367 3368 3369 3370 3371 3372 3373 3374 3375 
4604 3358 3359 3360 3361 3362 3363 3364 3365 3366 3367 3368 3369 3370 3371 3372 3373 
4605 3357 3358 3359 3360 3361 3362 3363 3364 3365 3366 3367 3368 3369 3370 3371 3372 
4606 3355 3356 3357 3358 3359 3360 3361 3362 3363 3364 3365 3366 3367 3368 3369 3370 3371 
4607 3354 3355 3356 3357 3358 3359 3360 3361 3362 3363 3364 3365 3366 3367 3368 3369 
4608 3352 3353 3354 3355 3356 3357 3358 3359 3360 3361 3362 3363 3364 3365 3366 3367 3368 
4609 3350 3351 3352 3353 3354 3355 3356 3357 3358 3359 3360 3361 3362 3363 3364 3365 3366 3367 
4610 3349 3350 3351 3352 3353 3354 3355 3356 3357 3358 3359 3360 3361 3362 3363 3364 3365 
4611 3347 3348 3349 3350 3351 3352 3353 3354 3355 3356 3357 3358 3359 3360 3361 3362 3363 3364 
4612 3345 3346 3347 3348 3349 3350 3351 3352 3353 3354 3355 3356 3357 3358 3359 3360 3361 3362 3363 
4613 3343 3344 3345 3346 3347 3348 3349 3350 3351 3352 3353 3354 3355 3356 3357 3358 3359 3360 3361 
4614 3341 3342 3343 3344 3345 3346 3347 3348 3349 3350 3351 3352 3353 3354 3355 3356 3357 3358 3359 3360 
4615 3339 3340 3341 3342 3343 3344 3345 3346 3347 3348 3349 3350 3351 3352 3353 3354 3355 3356 3357 3358 
4616 3337 3338 3339 3340 3341 3342 3343 3344 3345 3346 3347 3348 3349 3350 3351 3352 3353 3354 3355 3356 3357 
4617 3335 3336 3337 3338 3339 3340 3341 3342 3343 3344 3345 3346 3347 3348 3349 3350 3351 3352 3353 3354 3355 
4618 3333 3334 3335 3336 3337 3338 3339 3340 3341 3342 3343 3344 3345 3346 3347 3348 3349 3350 3351 3352 3353 
4619 3331 3332 3333 3334 3335 3336 3337 3338 3339 3340 3341 3342 3343 3344 3345 3346 3347 3348 3349 3350 3351 3352 
4620 3328 3329 3330 3331 3332 3333 3334 3335 3336 3337 3338 3339 3340 3341 3342 3343 3344 3345 3346 3347 3348 3349 3350 
4621 3326 3327 3328 3329 3330 3331 3332 3333 3334 3335 3336 3337 3338 3339 3340 3341 3342 3343 3344 3345 3346 3347 3348 
4622 3324 3325 3326 3327 3328 3329 3330 3331 3332 3333 3334 3335 3336 3337 3338 3339 3340 3341 3342 3343 3344 3345 3346 3347 
4623 3323 3324 3325 3326 3327 3328 3329 3330 3331 3332 3333 3334 3335 3336 3337 3338 3339 3340 3341 3342 3343 3344 3345 
4624 3322 3323 3324 3325 3326 3327 3328 3329 3330 3331 3332 3333 3334 3335 3336 3337 3338 3339 3340 3341 3342 3343 
4625 3321 3322 3323 3324 3325 3326 3327 3328 3329 3330 3331 3332 3333 3334 3335 3336 3337 3338 3339 3340 
4626 3321 3322 3323 3324 3325 3326 3327 3328 3329 3330 3331 3332 3333 3334 3335 3336 3337 3338 
4627 3322 3323 3324 3325 3326 3327 3328 3329 3330 3331 3332 3333 3334 3335 
4628 3325 3326 3327 3328 3329 3330 
