829 0 
830 0 1 2 
831 0 1 2 3 
832 0 1 2 3 4 
833 0 1 2 3 4 5 
834 0 1 2 3 4 5 6 
835 0 1 2 3 4 5 6 7 
836 0 1 2 3 4 5 6 7 8 
837 0 1 2 3 4 5 6 7 8 9 10 
838 0 1 2 3 4 5 6 7 8 9 10 11 
839 0 1 2 3 4 5 6 7 8 9 10 11 12 
840 1 2 3 4 5 6 7 8 9 10 11 12 13 
841 2 3 4 5 6 7 8 9 10 11 12 13 14 
842 3 4 5 6 7 8 9 10 11 12 13 14 15 
843 4 5 6 7 8 9 10 11 12 13 14 15 16 
844 5 6 7 8 9 10 11 12 13 14 15 16 17 18 
845 6 7 8 9 10 11 12 13 14 15 16 17 18 19 
846 7 8 9 10 11 12 13 14 15 16 17 18 19 20 
847 8 9 10 11 12 13 14 15 16 17 18 19 20 21 
848 10 11 12 13 14 15 16 17 18 19 20 21 22 
849 11 12 13 14 15 16 17 18 19 20 21 22 23 
850 12 13 14 15 16 17 18 19 20 21 22 23 24 
851 13 14 15 16 17 18 19 20 21 22 23 24 25 
852 14 15 16 17 18 19 20 21 22 23 24 25 26 27 
853 15 16 17 18 19 20 21 22 23 24 25 26 27 28 
854 16 17 18 19 20 21 22 23 24 25 26 27 28 29 
855 18 19 20 21 22 23 24 25 26 27 28 29 30 
856 19 20 21 22 23 24 25 26 27 28 29 30 31 
857 20 21 22 23 24 25 26 27 28 29 30 31 32 
858 21 22 23 24 25 26 27 28 29 30 31 32 33 
859 22 23 24 25 26 27 28 29 30 31 32 33 34 
860 23 24 25 26 27 28 29 30 31 32 33 34 35 
861 24 25 26 27 28 29 30 31 32 33 34 35 36 37 
862 25 26 27 28 29 30 31 32 33 34 35 36 37 38 
863 26 27 28 29 30 31 32 33 34 35 36 37 38 39 
864 27 28 29 30 31 32 33 34 35 36 37 38 39 40 
865 29 30 31 32 33 34 35 36 37 38 39 40 41 
866 30 31 32 33 34 35 36 37 38 39 40 41 42 
867 31 32 33 34 35 36 37 38 39 40 41 42 43 
868 32 33 34 35 36 37 38 39 40 41 42 43 44 
869 33 34 35 36 37 38 39 40 41 42 43 44 45 
870 34 35 36 37 38 39 40 41 42 43 44 45 46 
871 35 36 37 38 39 40 41 42 43 44 45 46 47 
872 36 37 38 39 40 41 42 43 44 45 46 47 48 
873 37 38 39 40 41 42 43 44 45 46 47 48 49 
874 38 39 40 41 42 43 44 45 46 47 48 49 50 51 
875 39 40 41 42 43 44 45 46 47 48 49 50 51 52 
876 40 41 42 43 44 45 46 47 48 49 50 51 52 53 
877 41 42 43 44 45 46 47 48 49 50 51 52 53 54 
878 42 43 44 45 46 47 48 49 50 51 52 53 54 55 
879 44 45 46 47 48 49 50 51 52 53 54 55 56 
880 45 46 47 48 49 50 51 52 53 54 55 56 57 
881 46 47 48 49 50 51 52 53 54 55 56 57 58 
882 47 48 49 50 51 52 53 54 55 56 57 58 59 
883 48 49 50 51 52 53 54 55 56 57 58 59 60 
884 49 50 51 52 53 54 55 56 57 58 59 60 61 
885 50 51 52 53 54 55 56 57 58 59 60 61 62 
886 51 52 53 54 55 56 57 58 59 60 61 62 63 
887 52 53 54 55 56 57 58 59 60 61 62 63 64 
888 53 54 55 56 57 58 59 60 61 62 63 64 65 
889 54 55 56 57 58 59 60 61 62 63 64 65 66 
890 55 56 57 58 59 60 61 62 63 64 65 66 67 
891 56 57 58 59 60 61 62 63 64 65 66 67 68 
892 57 58 59 60 61 62 63 64 65 66 67 68 69 
893 58 59 60 61 62 63 64 65 66 67 68 69 70 71 
894 59 60 61 62 63 64 65 66 67 68 69 70 71 72 
895 60 61 62 63 64 65 66 67 68 69 70 71 72 73 
896 61 62 63 64 65 66 67 68 69 70 71 72 73 
897 62 63 64 65 66 67 68 69 70 71 72 73 74 
898 63 64 65 66 67 68 69 70 71 72 73 74 75 
899 64 65 66 67 68 69 70 71 72 73 74 75 76 
900 65 66 67 68 69 70 71 72 73 74 75 76 77 
901 65 66 67 68 69 70 71 72 73 74 75 76 77 78 
902 66 67 68 69 70 71 72 73 74 75 76 77 78 79 
903 67 68 69 70 71 72 73 74 75 76 77 78 79 80 
904 68 69 70 71 72 73 74 75 76 77 78 79 80 81 
905 69 70 71 72 73 74 75 76 77 78 79 80 81 82 
906 70 71 72 73 74 75 76 77 78 79 80 81 82 83 
907 71 72 73 74 75 76 77 78 79 80 81 82 83 84 
908 72 73 74 75 76 77 78 79 80 81 82 83 84 85 
909 73 74 75 76 77 78 79 80 81 82 83 84 85 86 
910 74 75 76 77 78 79 80 81 82 83 84 85 86 87 
911 75 76 77 78 79 80 81 82 83 84 85 86 87 
912 76 77 78 79 80 81 82 83 84 85 86 87 88 
913 77 78 79 80 81 82 83 84 85 86 87 88 89 
914 77 78 79 80 81 82 83 84 85 86 87 88 89 90 
915 78 79 80 81 82 83 84 85 86 87 88 89 90 91 
916 79 80 81 82 83 84 85 86 87 88 89 90 91 92 
917 80 81 82 83 84 85 86 87 88 89 90 91 92 93 
918 81 82 83 84 85 86 87 88 89 90 91 92 93 94 
919 82 83 84 85 86 87 88 89 90 91 92 93 94 
920 83 84 85 86 87 88 89 90 91 92 93 94 95 
921 84 85 86 87 88 89 90 91 92 93 94 95 96 
922 85 86 87 88 89 90 91 92 93 94 95 96 97 
923 86 87 88 89 90 91 92 93 94 95 96 97 98 
924 87 88 89 90 91 92 93 94 95 96 97 98 99 
925 88 89 90 91 92 93 94 95 96 97 98 99 100 
926 89 90 91 92 93 94 95 96 97 98 99 100 101 
927 90 91 92 93 94 95 96 97 98 99 100 101 102 
928 91 92 93 94 95 96 97 98 99 100 101 102 103 
929 92 93 94 95 96 97 98 99 100 101 102 103 104 
930 93 94 95 96 97 98 99 100 101 102 103 104 
931 94 95 96 97 98 99 100 101 102 103 104 105 
932 95 96 97 98 99 100 101 102 103 104 105 106 
933 96 97 98 99 100 101 102 103 104 105 106 107 
934 97 98 99 100 101 102 103 104 105 106 107 108 
935 98 99 100 101 102 103 104 105 106 107 108 109 
936 99 100 101 102 103 104 105 106 107 108 109 110 
937 99 100 101 102 103 104 105 106 107 108 109 110 111 
938 100 101 102 103 104 105 106 107 108 109 110 111 112 
939 101 102 103 104 105 106 107 108 109 110 111 112 113 
940 102 103 104 105 106 107 108 109 110 111 112 113 114 
941 103 104 105 106 107 108 109 110 111 112 113 114 115 
942 104 105 106 107 108 109 110 111 112 113 114 115 116 
943 106 107 108 109 110 111 112 113 114 115 116 117 
944 107 108 109 110 111 112 113 114 115 116 117 118 
945 108 109 110 111 112 113 114 115 116 117 118 119 
946 109 110 111 112 113 114 115 116 117 118 119 120 
947 110 111 112 113 114 115 116 117 118 119 120 121 
948 111 112 113 114 115 116 117 118 119 120 121 122 
949 112 113 114 115 116 117 118 119 120 121 122 123 
950 113 114 115 116 117 118 119 120 121 122 123 124 
951 114 115 116 117 118 119 120 121 122 123 124 125 126 
952 115 116 117 118 119 120 121 122 123 124 125 126 127 
953 116 117 118 119 120 121 122 123 124 125 126 127 128 
954 117 118 119 120 121 122 123 124 125 126 127 128 129 
955 118 119 120 121 122 123 124 125 126 127 128 129 130 
956 119 120 121 122 123 124 125 126 127 128 129 130 131 
957 121 122 123 124 125 126 127 128 129 130 131 132 
958 122 123 124 125 126 127 128 129 130 131 132 133 
959 123 124 125 126 127 128 129 130 131 132 133 134 
960 124 125 126 127 128 129 130 131 132 133 134 135 136 
961 125 126 127 128 129 130 131 132 133 134 135 136 137 
962 126 127 128 129 130 131 132 133 134 135 136 137 138 
963 127 128 129 130 131 132 133 134 135 136 137 138 139 
964 128 129 130 131 132 133 134 135 136 137 138 139 140 
965 130 131 132 133 134 135 136 137 138 139 140 141 
966 131 132 133 134 135 136 137 138 139 140 141 142 
967 132 133 134 135 136 137 138 139 140 141 142 143 144 
968 133 134 135 136 137 138 139 140 141 142 143 144 145 
969 134 135 136 137 138 139 140 141 142 143 144 145 146 
970 135 136 137 138 139 140 141 142 143 144 145 146 147 
971 136 137 138 139 140 141 142 143 144 145 146 147 148 
972 138 139 140 141 142 143 144 145 146 147 148 149 
973 139 140 141 142 143 144 145 146 147 148 149 150 
974 140 141 142 143 144 145 146 147 148 149 150 151 
975 141 142 143 144 145 146 147 148 149 150 151 152 153 
976 142 143 144 145 146 147 148 149 150 151 152 153 154 
977 143 144 145 146 147 148 149 150 151 152 153 154 155 
978 144 145 146 147 148 149 150 151 152 153 154 155 156 
979 145 146 147 148 149 150 151 152 153 154 155 156 157 
980 147 148 149 150 151 152 153 154 155 156 157 158 
981 148 149 150 151 152 153 154 155 156 157 158 159 
982 149 150 151 152 153 154 155 156 157 158 159 160 161 
983 150 151 152 153 154 155 156 157 158 159 160 161 162 
984 151 152 153 154 155 156 157 158 159 160 161 162 163 
985 152 153 154 155 156 157 158 159 160 161 162 163 164 
986 153 154 155 156 157 158 159 160 161 162 163 164 165 
987 154 155 156 157 158 159 160 161 162 163 164 165 166 
988 155 156 157 158 159 160 161 162 163 164 165 166 167 
989 156 157 158 159 160 161 162 163 164 165 166 167 168 169 
990 158 159 160 161 162 163 164 165 166 167 168 169 170 
991 159 160 161 162 163 164 165 166 167 168 169 170 171 
992 160 161 162 163 164 165 166 167 168 169 170 171 172 
993 161 162 163 164 165 166 167 168 169 170 171 172 173 
994 162 163 164 165 166 167 168 169 170 171 172 173 174 175 
995 163 164 165 166 167 168 169 170 171 172 173 174 175 176 
996 164 165 166 167 168 169 170 171 172 173 174 175 176 177 
997 165 166 167 168 169 170 171 172 173 174 175 176 177 178 
998 166 167 168 169 170 171 172 173 174 175 176 177 178 179 180 
999 168 169 170 171 172 173 174 175 176 177 178 179 180 181 
1000 169 170 171 172 173 174 175 176 177 178 179 180 181 182 
1001 170 171 172 173 174 175 176 177 178 179 180 181 182 183 184 
1002 171 172 173 174 175 176 177 178 179 180 181 182 183 184 185 
1003 172 173 174 175 176 177 178 179 180 181 182 183 184 185 186 187 
1004 173 174 175 176 177 178 179 180 181 182 183 184 185 186 187 188 
1005 174 175 176 177 178 179 180 181 182 183 184 185 186 187 188 189 
1006 175 176 177 178 179 180 181 182 183 184 185 186 187 188 189 190 191 
1007 176 177 178 179 180 181 182 183 184 185 186 187 188 189 190 191 192 
1008 177 178 179 180 181 182 183 184 185 186 187 188 189 190 191 192 193 194 
1009 179 180 181 182 183 184 185 186 187 188 189 190 191 192 193 194 195 196 
1010 180 181 182 183 184 185 186 187 188 189 190 191 192 193 194 195 196 197 
1011 181 182 183 184 185 186 187 188 189 190 191 192 193 194 195 196 197 198 
1012 182 183 184 185 186 187 188 189 190 191 192 193 194 195 196 197 198 199 200 
1013 183 184 185 186 187 188 189 190 191 192 193 194 195 196 197 198 199 200 201 
1014 184 185 186 187 188 189 190 191 192 193 194 195 196 197 198 199 200 201 202 203 
1015 185 186 187 188 189 190 191 192 193 194 195 196 197 198 199 200 201 202 203 204 
1016 186 187 188 189 190 191 192 193 194 195 196 197 198 199 200 201 202 203 204 205 
1017 186 187 188 189 190 191 192 193 194 195 196 197 198 199 200 201 202 203 204 205 206 207 
1018 187 188 189 190 191 192 193 194 195 196 197 198 199 200 201 202 203 204 205 206 207 208 
1019 188 189 190 191 192 193 194 195 196 197 198 199 200 201 202 203 204 205 206 207 208 209 
1020 189 190 191 192 193 194 195 196 197 198 199 200 201 202 203 204 205 206 207 208 209 210 
1021 190 191 192 193 194 195 196 197 198 199 200 201 202 203 204 205 206 207 208 209 210 211 
1022 191 192 193 194 195 196 197 198 199 200 201 202 203 204 205 206 207 208 209 210 211 212 
1023 192 193 194 195 196 197 198 199 200 201 202 203 204 205 206 207 208 209 210 211 212 213 
1024 193 194 195 196 197 198 199 200 201 202 203 204 205 206 207 208 209 210 211 212 213 214 215 
1025 194 195 196 197 198 199 200 201 202 203 204 205 206 207 208 209 210 211 212 213 214 215 216 
1026 195 196 197 198 199 200 201 202 203 204 205 206 207 208 209 210 211 212 213 214 215 216 217 
1027 196 197 198 199 200 201 202 203 204 205 206 207 208 209 210 211 212 213 214 215 216 217 218 
1028 197 198 199 200 201 202 203 204 205 206 207 208 209 210 211 212 213 214 215 216 217 218 219 
1029 198 199 200 201 202 203 204 205 206 207 208 209 210 211 212 213 214 215 216 217 218 219 220 
1030 199 200 201 202 203 204 205 206 207 208 209 210 211 212 213 214 215 216 217 218 219 220 221 
1031 200 201 202 203 204 205 206 207 208 209 210 211 212 213 214 215 216 217 218 219 220 221 222 
1032 201 202 203 204 205 206 207 208 209 210 211 212 213 214 215 216 217 218 219 220 221 222 223 
1033 202 203 204 205 206 207 208 209 210 211 212 213 214 215 216 217 218 219 220 221 222 223 224 
1034 203 204 205 206 207 208 209 210 211 212 213 214 215 216 217 218 219 220 221 222 223 224 225 
1035 204 205 206 207 208 209 210 211 212 213 214 215 216 217 218 219 220 221 222 223 224 225 226 
1036 206 207 208 209 210 211 212 213 214 215 216 217 218 219 220 221 222 223 224 225 226 227 
1037 207 208 209 210 211 212 213 214 215 216 217 218 219 220 221 222 223 224 225 226 227 228 
1038 208 209 210 211 212 213 214 215 216 217 218 219 220 221 222 223 224 225 226 227 228 229 
1039 209 210 211 212 213 214 215 216 217 218 219 220 221 222 223 224 225 226 227 228 229 
1040 210 211 212 213 214 215 216 217 218 219 220 221 222 223 224 225 226 227 228 229 230 
1041 211 212 213 214 215 216 217 218 219 220 221 222 223 224 225 226 227 228 229 230 231 
1042 212 213 214 215 216 217 218 219 220 221 222 223 224 225 226 227 228 229 230 231 232 
1043 213 214 215 216 217 218 219 220 221 222 223 224 225 226 227 228 229 230 231 232 233 
1044 214 215 216 217 218 219 220 221 222 223 224 225 226 227 228 229 230 231 232 233 234 
1045 215 216 217 218 219 220 221 222 223 224 225 226 227 228 229 230 231 232 233 234 235 
1046 217 218 219 220 221 222 223 224 225 226 227 228 229 230 231 232 233 234 235 236 
1047 218 219 220 221 222 223 224 225 226 227 228 229 230 231 232 233 234 235 236 237 
1048 219 220 221 222 223 224 225 226 227 228 229 230 231 232 233 234 235 236 237 238 
1049 220 221 222 223 224 225 226 227 228 229 230 231 232 233 234 235 236 237 238 239 
1050 221 222 223 224 225 226 227 228 229 230 231 232 233 234 235 236 237 238 239 240 
1051 222 223 224 225 226 227 228 229 230 231 232 233 234 235 236 237 238 239 240 241 
1052 223 224 225 226 227 228 229 230 231 232 233 234 235 236 237 238 239 240 241 242 
1053 224 225 226 227 228 229 230 231 232 233 234 235 236 237 238 239 240 241 242 243 
1054 225 226 227 228 229 230 231 232 233 234 235 236 237 238 239 240 241 242 243 244 
1055 226 227 228 229 230 231 232 233 234 235 236 237 238 239 240 241 242 243 244 245 
1056 227 228 229 230 231 232 233 234 235 236 237 238 239 240 241 242 243 244 245 246 
1057 229 230 231 232 233 234 235 236 237 238 239 240 241 242 243 244 245 246 247 
1058 230 231 232 233 234 235 236 237 238 239 240 241 242 243 244 245 246 247 248 
1059 231 232 233 234 235 236 237 238 239 240 241 242 243 244 245 246 247 248 249 
1060 232 233 234 235 236 237 238 239 240 241 242 243 244 245 246 247 248 249 250 
1061 233 234 235 236 237 238 239 240 241 242 243 244 245 246 247 248 249 250 251 
1062 234 235 236 237 238 239 240 241 242 243 244 245 246 247 248 249 250 251 252 
1063 235 236 237 238 239 240 241 242 243 244 245 246 247 248 249 250 251 252 253 
1064 236 237 238 239 240 241 242 243 244 245 246 247 248 249 250 251 252 253 254 
1065 237 238 239 240 241 242 243 244 245 246 247 248 249 250 251 252 253 254 255 
1066 238 239 240 241 242 243 244 245 246 247 248 249 250 251 252 253 254 255 256 
1067 239 240 241 242 243 244 245 246 247 248 249 250 251 252 253 254 255 256 257 
1068 241 242 243 244 245 246 247 248 249 250 251 252 253 254 255 256 257 258 
1069 242 243 244 245 246 247 248 249 250 251 252 253 254 255 256 257 258 259 260 
1070 243 244 245 246 247 248 249 250 251 252 253 254 255 256 257 258 259 260 261 
1071 244 245 246 247 248 249 250 251 252 253 254 255 256 257 258 259 260 261 262 
1072 245 246 247 248 249 250 251 252 253 254 255 256 257 258 259 260 261 262 263 
1073 246 247 248 249 250 251 252 253 254 255 256 257 258 259 260 261 262 263 264 
1074 247 248 249 250 251 252 253 254 255 256 257 258 259 260 261 262 263 264 265 266 
1075 248 249 250 251 252 253 254 255 256 257 258 259 260 261 262 263 264 265 266 267 
1076 249 250 251 252 253 254 255 256 257 258 259 260 261 262 263 264 265 266 267 268 
1077 250 251 252 253 254 255 256 257 258 259 260 261 262 263 264 265 266 267 268 269 270 
1078 252 253 254 255 256 257 258 259 260 261 262 263 264 265 266 267 268 269 270 271 
1079 253 254 255 256 257 258 259 260 261 262 263 264 265 266 267 268 269 270 271 272 273 
1080 254 255 256 257 258 259 260 261 262 263 264 265 266 267 268 269 270 271 272 273 274 
1081 255 256 257 258 259 260 261 262 263 264 265 266 267 268 269 270 271 272 273 274 275 276 
1082 256 257 258 259 260 261 262 263 264 265 266 267 268 269 270 271 272 273 274 275 276 277 
1083 257 258 259 260 261 262 263 264 265 266 267 268 269 270 271 272 273 274 275 276 277 278 279 
1084 258 259 260 261 262 263 264 265 266 267 268 269 270 271 272 273 274 275 276 277 278 279 280 281 
1085 259 260 261 262 263 264 265 266 267 268 269 270 271 272 273 274 275 276 277 278 279 280 281 282 283 
1086 260 261 262 263 264 265 266 267 268 269 270 271 272 273 274 275 276 277 278 279 280 281 282 283 284 
1087 261 262 263 264 265 266 267 268 269 270 271 272 273 274 275 276 277 278 279 280 281 282 283 284 285 286 
1088 262 263 264 265 266 267 268 269 270 271 272 273 274 275 276 277 278 279 280 281 282 283 284 285 286 287 288 
1089 263 264 265 266 267 268 269 270 271 272 273 274 275 276 277 278 279 280 281 282 283 284 285 286 287 288 289 290 
1090 264 265 266 267 268 269 270 271 272 273 274 275 276 277 278 279 280 281 282 283 284 285 286 287 288 289 290 291 292 
1091 265 266 267 268 269 270 271 272 273 274 275 276 277 278 279 280 281 282 283 284 285 286 287 288 289 290 291 292 293 294 
1092 266 267 268 269 270 271 272 273 274 275 276 277 278 279 280 281 282 283 284 285 286 287 288 289 290 291 292 293 294 295 
1093 267 268 269 270 271 272 273 274 275 276 277 278 279 280 281 282 283 284 285 286 287 288 289 290 291 292 293 294 295 296 297 
1094 269 270 271 272 273 274 275 276 277 278 279 280 281 282 283 284 285 286 287 288 289 290 291 292 293 294 295 296 297 298 
1095 270 271 272 273 274 275 276 277 278 279 280 281 282 283 284 285 286 287 288 289 290 291 292 293 294 295 296 297 298 299 300 
1096 271 272 273 274 275 276 277 278 279 280 281 282 283 284 285 286 287 288 289 290 291 292 293 294 295 296 297 298 299 300 301 
1097 272 273 274 275 276 277 278 279 280 281 282 283 284 285 286 287 288 289 290 291 292 293 294 295 296 297 298 299 300 301 
1098 274 275 276 277 278 279 280 281 282 283 284 285 286 287 288 289 290 291 292 293 294 295 296 297 298 299 300 301 302 
1099 275 276 277 278 279 280 281 282 283 284 285 286 287 288 289 290 291 292 293 294 295 296 297 298 299 300 301 302 
1100 276 277 278 279 280 281 282 283 284 285 286 287 288 289 290 291 292 293 294 295 296 297 298 299 300 301 302 
